 iO2                                                                   
  1 - Si, 2 - O  !   2.03.86                                           
  *Inorm
  *
         157  15  15  1  0
   .0500      .2740368E+09
   .1000      .1025980E+09
   .1500      .1199069E+08
   .2000      641037.3    
   .2500      2444172.    
   .3000      519342.5    
   .3500      280726.8    
   .4000      359273.1    
   .4500      92084.13    
   .5000      87522.04    
   .5500      85019.52    
   .6000      40774.40    
   .6500      32529.99    
   .7000      34363.88    
   .7500      22032.03    
   .8000      12725.66    
   .8500      20716.85    
   .9000      15479.45    
   .9500      7744.042    
  1.0000      14758.23    
  1.0500      11994.45    
  1.1000      15804.93    
  1.1500      33080.62    
  1.2000      37189.73    
  1.2500      58820.05    
  1.3000      80728.63    
  1.3500      101697.9    
  1.4000      307878.6    
  1.4500      633825.1    
  1.5000      644724.9    
  1.5500      318915.7    
  1.6000      82096.29    
  1.6500      46286.57    
  1.7000      39732.71    
  1.7500      23093.07    
  1.8000      18573.43    
  1.8500      12933.94    
  1.9000      10290.43    
  1.9500      11453.76    
  2.0000      10262.46    
  2.0500      9712.542    
  2.1000      9996.828    
  2.1500      12045.85    
  2.2000      14730.89    
  2.2500      12386.06    
  2.3000      28661.51    
  2.3500      99483.09    
  2.4000      172378.5    
  2.4500      151066.7    
  2.5000      66335.62    
  2.5500      18399.52    
  2.6000      14087.89    
  2.6500      13356.67    
  2.7000      11887.91    
  2.7500      14726.95    
  2.8000      18006.52    
  2.8500      28304.91    
  2.9000      55877.67    
  2.9500      76973.84    
  3.0000      59994.14    
  3.0500      25904.80    
  3.1000      9570.419    
  3.1500      7111.377    
  3.2000      5679.352    
  3.2500      5308.263    
  3.3000      5758.456    
  3.3500      5869.365    
  3.4000      6207.148    
  3.4500      7185.615    
  3.5000      9266.023    
  3.5500      9934.766    
  3.6000      22212.40    
  3.6500      74832.33    
  3.7000      137705.1    
  3.7500      132907.6    
  3.8000      67951.65    
  3.8500      20749.28    
  3.9000      11247.51    
  3.9500      11666.59    
  4.0000      10367.68    
  4.0500      12932.26    
  4.1000      33436.58    
  4.1500      66069.31    
  4.2000      73331.52    
  4.2500      44867.30    
  4.3000      16821.96    
  4.3500      10209.38    
  4.4000      11935.67    
  4.4500      11459.21    
  4.5000      9523.241    
  4.5500      7558.065    
  4.6000      6863.206    
  4.6500      7058.115    
  4.7000      11858.41    
  4.7500      36300.52    
  4.8000      74772.38    
  4.8500      82948.18    
  4.9000      51511.16    
  4.9500      40282.39    
  5.0000      77522.34    
  5.0500      106492.9    
  5.1000      80789.36    
  5.1500      34345.98    
  5.2000      11746.59    
  5.2500      8881.946    
  5.3000      14572.73    
  5.3500      28601.02    
  5.4000      37585.52    
  5.4500      29595.10    
  5.5000      14735.50    
  5.5500      9702.153    
  5.6000      16098.85    
  5.6500      21608.39    
  5.7000      17768.87    
  5.7500      9232.059    
  5.8000      4396.952    
  5.8500      4621.370    
  5.9000      5414.861    
  5.9500      5749.206    
  6.0000      15998.85    
  6.0500      40433.86    
  6.1000      55162.94    
  6.1500      41353.43    
  6.2000      17858.45    
  6.2500      8153.117    
  6.3000      16281.90    
  6.3500      33873.30    
  6.4000      40910.80    
  6.4500      28537.13    
  6.5000      14405.50    
  6.5500      10685.80    
  6.6000      9526.115    
  6.6500      5690.142    
  6.7000      3726.911    
  6.7500      7183.650    
  6.8000      12612.81    
  6.8500      13929.29    
  6.9000      13056.96    
  6.9500      15768.33    
  7.0000      17819.29    
  7.0500      12683.75    
  7.1000      5936.217    
  7.1500      7446.878    
  7.2000      16139.93    
  7.2500      20743.82    
  7.3000      16070.87    
  7.3500      10404.75    
  7.4000      10207.20    
  7.4500      10326.26    
  7.5000      7049.209    
  7.5500      4568.224    
  7.6000      4267.556    
  7.6500      5832.461    
  7.7000      14802.48    
  7.7500      28773.55    
  7.8000      31520.15    
  7.8500      19129.10    
