 iO2                                                                   
  1 - Si, 2 - O  !   2.03.86                                           
  *H(s)
  *
         157  15  15  1  0
   .0500      .1339411E+08
   .1000      .1003392E+08
   .1500      1746775.    
   .2000      102387.1    
   .2500      573625.4    
   .3000      118912.4    
   .3500      56442.94    
   .4000      96693.91    
   .4500     -11431.12    
   .5000     -14624.93    
   .5500     -17038.88    
   .6000     -45488.20    
   .6500     -54522.38    
   .7000     -57023.95    
   .7500     -70539.34    
   .8000     -82914.58    
   .8500     -80418.77    
   .9000     -89938.10    
   .9500     -102766.7    
  1.0000     -99940.76    
  1.0500     -107829.9    
  1.1000     -107667.6    
  1.1500     -88594.23    
  1.2000     -85615.45    
  1.2500     -55225.68    
  1.3000     -20587.57    
  1.3500      16504.63    
  1.4000      387997.0    
  1.4500      1023360.    
  1.5000      1100821.    
  1.5500      484036.6    
  1.6000     -4137.341    
  1.6500     -82586.86    
  1.7000     -98576.16    
  1.7500     -141166.1    
  1.8000     -155678.8    
  1.8500     -174261.4    
  1.9000     -185563.8    
  1.9500     -186084.4    
  2.0000     -193607.4    
  2.0500     -199316.8    
  2.1000     -202275.1    
  2.1500     -198877.8    
  2.2000     -192462.6    
  2.2500     -204498.8    
  2.3000     -142863.6    
  2.3500      150307.5    
  2.4000      475577.5    
  2.4500      403645.6    
  2.5000      30311.73    
  2.5500     -194535.3    
  2.6000     -217988.1    
  2.6500     -224372.8    
  2.7000     -234905.2    
  2.7500     -221987.6    
  2.8000     -205312.2    
  2.8500     -145393.3    
  2.9000      25479.11    
  2.9500      166751.4    
  3.0000      66148.24    
  3.0500     -158160.7    
  3.1000     -272450.7    
  3.1500     -293220.3    
  3.2000     -307391.0    
  3.2500     -313964.3    
  3.3000     -314152.4    
  3.3500     -316839.5    
  3.4000     -317524.8    
  3.4500     -312400.6    
  3.5000     -296795.4    
  3.5500     -293137.7    
  3.6000     -178366.8    
  3.6500      338833.3    
  3.7000      988959.9    
  3.7500      973378.1    
  3.8000      314472.8    
  3.8500     -187409.1    
  3.9000     -292939.8    
  3.9500     -289514.5    
  4.0000     -306138.2    
  4.0500     -276442.4    
  4.1000     -21116.21    
  4.1500      402711.9    
  4.2000      514853.6    
  4.2500      151288.3    
  4.3000     -225083.7    
  4.3500     -317398.0    
  4.4000     -293404.3    
  4.4500     -300791.9    
  4.5000     -330560.9    
  4.5500     -362048.3    
  4.6000     -374689.6    
  4.6500     -373284.8    
  4.7000     -295158.8    
  4.7500      120159.4    
  4.8000      797437.1    
  4.8500      966779.4    
  4.9000      424977.9    
  4.9500      233195.1    
  5.0000      948833.7    
  5.0500      1534563.    
  5.1000      1067173.    
  5.1500      162834.4    
  5.2000     -290056.5    
  5.2500     -348639.4    
  5.3000     -227043.3    
  5.3500      80591.35    
  5.4000      288382.9    
  5.4500      120697.8    
  5.5000     -211654.0    
  5.5500     -326295.0    
  5.6000     -172374.5    
  5.6500     -34318.59    
  5.7000     -122583.8    
  5.7500     -332415.3    
  5.8000     -454773.5    
  5.8500     -449445.4    
  5.9000     -428743.2    
  5.9500     -419564.7    
  6.0000     -138091.8    
  6.0500      548392.0    
  6.1000      982344.8    
  6.1500      608072.5    
  6.2000     -62164.27    
  6.2500     -344178.0    
  6.3000     -96547.80    
  6.3500      448965.4    
  6.4000      682529.3    
  6.4500      309384.1    
  6.5000     -131723.8    
  6.5500     -247160.8    
  6.6000     -281440.7    
  6.6500     -406422.9    
  6.7000     -471344.1    
  6.7500     -351192.0    
  6.8000     -158696.0    
  6.8500     -106606.8    
  6.9000     -131713.7    
  6.9500     -27175.35    
  7.0000      55738.46    
  7.0500     -127722.6    
  7.1000     -377093.4    
  7.1500     -316342.3    
  7.2000      24636.51    
  7.2500      213467.9    
  7.3000      37859.45    
  7.3500     -182196.0    
  7.4000     -184811.3    
  7.4500     -174522.1    
  7.5000     -305661.1    
  7.5500     -406306.3    
  7.6000     -416210.8    
  7.6500     -345843.3    
  7.7000      49156.79    
  7.7500      673370.8    
  7.8000      810550.4    
  7.8500      268350.4    
