 iO2                                                                   
  1 - Si, 2 - O  !   2.03.86                                           
  *D(r)
  *
         101  15  15  1  0
   .0000      .0000000    
   .1000     -21683.42    
   .2000     -30731.94    
   .3000     -21092.18    
   .4000      3041.394    
   .5000      28383.05    
   .6000      38609.74    
   .7000      23197.00    
   .8000     -14809.22    
   .9000     -56267.72    
  1.0000     -71196.70    
  1.1000     -30988.48    
  1.2000      76975.30    
  1.3000      239094.6    
  1.4000      415658.8    
  1.5000      553152.4    
  1.6000      604829.5    
  1.7000      550946.4    
  1.8000      409087.1    
  1.9000      228835.0    
  2.0000      72152.69    
  2.1000     -12076.92    
  2.2000     -7616.052    
  2.3000      64749.48    
  2.4000      159993.1    
  2.5000      232190.3    
  2.6000      256464.8    
  2.7000      238379.8    
  2.8000      206372.8    
  2.9000      192021.9    
  3.0000      209624.5    
  3.1000      246998.2    
  3.2000      273163.0    
  3.3000      258909.4    
  3.4000      198502.8    
  3.5000      119353.4    
  3.6000      72505.26    
  3.7000      107232.9    
  3.8000      242312.3    
  3.9000      449483.0    
  4.0000      659298.4    
  4.1000      788532.8    
  4.2000      777145.3    
  4.3000      617441.3    
  4.4000      361312.8    
  4.5000      101746.4    
  4.6000     -63113.28    
  4.7000     -67256.30    
  4.8000      100438.6    
  4.9000      396202.4    
  5.0000      741504.5    
  5.1000      1052292.    
  5.2000      1264289.    
  5.3000      1345791.    
  5.4000      1297102.    
  5.5000      1142042.    
  5.6000      918588.6    
  5.7000      672598.2    
  5.8000      453613.8    
  5.9000      308814.1    
  6.0000      272446.3    
  6.1000      352747.8    
  6.2000      523016.6    
  6.3000      724410.4    
  6.4000      883579.4    
  6.5000      940282.1    
  6.6000      873221.0    
  6.7000      710935.9    
  6.8000      520545.6    
  6.9000      377877.2    
  7.0000      332639.8    
  7.1000      385874.0    
  7.2000      491535.3    
  7.3000      581939.1    
  7.4000      604210.2    
  7.5000      548641.3    
  7.6000      453706.5    
  7.7000      384672.6    
  7.8000      396965.1    
  7.9000      503988.7    
  8.0000      667173.0    
  8.1000      814366.8    
  8.2000      877493.4    
  8.3000      829753.8    
  8.4000      702432.6    
  8.5000      571842.1    
  8.6000      522536.5    
  8.7000      605399.8    
  8.8000      811837.9    
  8.9000      1076842.    
  9.0000      1308745.    
  9.1000      1430053.    
  9.2000      1408929.    
  9.3000      1266958.    
  9.4000      1061925.    
  9.5000      857280.4    
  9.6000      695591.3    
  9.7000      589129.8    
  9.8000      529475.8    
  9.9000      506773.2    
 10.0000      524270.6    
