 iO2                                                                   
  1 - Si, 2 - O  !   2.03.86                                           
  Зависимость числа пар атомов типа         11
  на единицу состава от расстояния между ними в кл.
        1185  15  15  1  0
  3.1783     0.0
  3.1783      5.000000    
  3.1783     0.0
  3.1844     0.0
  3.1844      630.3333    
  3.1844     0.0
  3.1928     0.0
  3.1928      1.333333    
  3.1928     0.0
  5.1993     0.0
  5.1993      856.6667    
  5.1993     0.0
  5.2006     0.0
  5.2006      978.0000    
  5.2006     0.0
  6.0871     0.0
  6.0871      .6666667    
  6.0871     0.0
  6.0974     0.0
  6.0974      1653.333    
  6.0974     0.0
  6.1013     0.0
  6.1013      72.66666    
  6.1013     0.0
  7.3490     0.0
  7.3490      14.66667    
  7.3490     0.0
  7.3539     0.0
  7.3539      838.3333    
  7.3539     0.0
  7.3611     0.0
  7.3611      2.666667    
  7.3611     0.0
  8.0087     0.0
  8.0087      24.00000    
  8.0087     0.0
  8.0138     0.0
  8.0138      1553.667    
  8.0138     0.0
  8.0221     0.0
  8.0221      5.000000    
  8.0221     0.0
  8.9985     0.0
  8.9985      6.000000    
  8.9985     0.0
  9.0065     0.0
  9.0065      2966.333    
  9.0065     0.0
  9.0114     0.0
  9.0114      72.33334    
  9.0114     0.0
  9.5488     0.0
  9.5488      76.66666    
  9.5488     0.0
  9.5532     0.0
  9.5532      1918.000    
  9.5532     0.0
  9.5616     0.0
  9.5616      3.000000    
  9.5616     0.0
 10.3991     0.0
 10.3991      696.3333    
 10.3991     0.0
 10.4008     0.0
 10.4008      788.3333    
 10.4008     0.0
 10.8688     0.0
 10.8688      6.000000    
 10.8688     0.0
 10.8765     0.0
 10.8765      2738.000    
 10.8765     0.0
 10.8813     0.0
 10.8813      67.00000    
 10.8813     0.0
 11.6183     0.0
 11.6183      1.333333    
 11.6183     0.0
 11.6274     0.0
 11.6274      2623.000    
 11.6274     0.0
 11.6313     0.0
 11.6313      174.0000    
 11.6313     0.0
 12.0482     0.0
 12.0482      4.666667    
 12.0482     0.0
 12.0556     0.0
 12.0556      1271.333    
 12.0556     0.0
 12.0617     0.0
 12.0617      21.00000    
 12.0617     0.0
 12.7269     0.0
 12.7269      1.000000    
 12.7269     0.0
 12.7371     0.0
 12.7371      793.6667    
 12.7371     0.0
 12.7416     0.0
 12.7416      37.66667    
 12.7416     0.0
 13.1150     0.0
 13.1150      .3333333    
 13.1150     0.0
 13.1288     0.0
 13.1288      1990.667    
 13.1288     0.0
 13.1313     0.0
 13.1313      566.3333    
 13.1313     0.0
 13.1450     0.0
 13.1450      .3333333    
 13.1450     0.0
 13.7487     0.0
 13.7487      3.333333    
 13.7487     0.0
 13.7577     0.0
 13.7577      4543.333    
 13.7577     0.0
 13.7615     0.0
 13.7615      316.0000    
 13.7615     0.0
 14.1186     0.0
 14.1186      403.0000    
 14.1186     0.0
 14.1218     0.0
 14.1218      3184.333    
 14.1218     0.0
 14.1323     0.0
 14.1323      1.000000    
 14.1323     0.0
 14.7075     0.0
 14.7075      563.0000    
 14.7075     0.0
 14.7112     0.0
 14.7112      61.33333    
 14.7112     0.0
 15.0350     0.0
 15.0350      .3333333    
 15.0350     0.0
 15.0483     0.0
 15.0483      991.6667    
 15.0483     0.0
 15.0514     0.0
 15.0514      134.3333    
 15.0514     0.0
 15.5991     0.0
 15.5991      1689.667    
 15.5991     0.0
 15.6011     0.0
 15.6011      1712.333    
 15.6011     0.0
 15.9187     0.0
 15.9187      258.0000    
 15.9187     0.0
 15.9219     0.0
 15.9219      2281.667    
 15.9219     0.0
 15.9320     0.0
 15.9320      1.000000    
 15.9320     0.0
 16.4388     0.0
 16.4388      50.66667    
 16.4388     0.0
 16.4439     0.0
 16.4439      2125.000    
 16.4439     0.0
 16.4510     0.0
 16.4510      10.00000    
 16.4510     0.0
 16.7350     0.0
 16.7350      .3333333    
 16.7350     0.0
 16.7487     0.0
 16.7487      2421.333    
 16.7487     0.0
 16.7515     0.0
 16.7515      700.3333    
 16.7515     0.0
 17.2385     0.0
 17.2385      3.333333    
 17.2385     0.0
 17.2463     0.0
 17.2463      1905.000    
 17.2463     0.0
 17.2515     0.0
 17.2515      54.00000    
 17.2515     0.0
 17.5250     0.0
 17.5250      .3333333    
 17.5250     0.0
 17.5375     0.0
 17.5375      1833.667    
 17.5375     0.0
 17.5413     0.0
 17.5413      197.6667    
 17.5413     0.0
 18.0086     0.0
 18.0086      59.00000    
 18.0086     0.0
 18.0135     0.0
 18.0135      1841.000    
 18.0135     0.0
 18.0212     0.0
 18.0212      5.000000    
 18.0212     0.0
 18.2887     0.0
 18.2887      149.3333    
 18.2887     0.0
 18.2929     0.0
 18.2929      2669.333    
 18.2929     0.0
 18.3014     0.0
 18.3014      5.333333    
 18.3014     0.0
 18.7350     0.0
 18.7350      .3333333    
 18.7350     0.0
 18.7485     0.0
 18.7485      4725.667    
 18.7485     0.0
 18.7514     0.0
 18.7514      930.0000    
 18.7514     0.0
 18.7650     0.0
 18.7650      .3333333    
 18.7650     0.0
 19.0088     0.0
 19.0088      3.000000    
 19.0088     0.0
 19.0171     0.0
 19.0171      2580.333    
 19.0171     0.0
 19.0215     0.0
 19.0215      147.6667    
 19.0215     0.0
 19.7090     0.0
 19.7090      9.333333    
 19.7090     0.0
 19.7153     0.0
 19.7153      1685.667    
 19.7153     0.0
 19.7212     0.0
 19.7212      21.66667    
 19.7212     0.0
 20.1387     0.0
 20.1387      2475.333    
 20.1387     0.0
 20.1414     0.0
 20.1414      961.3333    
 20.1414     0.0
 20.3889     0.0
 20.3889      1193.000    
 20.3889     0.0
 20.3915     0.0
 20.3915      498.3333    
 20.3915     0.0
 20.7991     0.0
 20.7991      483.6667    
 20.7991     0.0
 20.8011     0.0
 20.8011      353.6667    
 20.8011     0.0
 20.8150     0.0
 20.8150      .3333333    
 20.8150     0.0
 21.0388     0.0
 21.0388      299.6667    
 21.0388     0.0
 21.0426     0.0
 21.0426      3742.000    
 21.0426     0.0
 21.0518     0.0
 21.0518      3.333333    
 21.0518     0.0
 21.4250     0.0
 21.4250      .3333333    
 21.4250     0.0
 21.4386     0.0
 21.4386      1084.667    
 21.4386     0.0
 21.4410     0.0
 21.4410      2024.667    
 21.4410     0.0
 21.6690     0.0
 21.6690      10.33333    
 21.6690     0.0
 21.6754     0.0
 21.6754      2243.667    
 21.6754     0.0
 21.6814     0.0
 21.6814      30.00000    
 21.6814     0.0
 22.0587     0.0
 22.0587      217.3333    
 22.0587     0.0
 22.0621     0.0
 22.0621      1649.000    
 22.0621     0.0
 22.0725     0.0
 22.0725      1.333333    
 22.0725     0.0
 22.2887     0.0
 22.2887      566.0000    
 22.2887     0.0
 22.2912     0.0
 22.2912      1162.000    
 22.2912     0.0
 22.6591     0.0
 22.6591      7.333333    
 22.6591     0.0
 22.6664     0.0
 22.6664      4192.333    
 22.6664     0.0
 22.6711     0.0
 22.6711      111.3333    
 22.6711     0.0
 22.8884     0.0
 22.8884      2323.000    
 22.8884     0.0
 22.8914     0.0
 22.8914      438.3333    
 22.8914     0.0
 23.2490     0.0
 23.2490      9.333333    
 23.2490     0.0
 23.2551     0.0
 23.2551      1411.333    
 23.2551     0.0
 23.2610     0.0
 23.2610      15.00000    
 23.2610     0.0
 23.4689     0.0
 23.4689      50.33333    
 23.4689     0.0
 23.4723     0.0
 23.4723      625.6667    
 23.4723     0.0
 23.4850     0.0
 23.4850      .6666667    
 23.4850     0.0
 23.8167     0.0
 23.8167      .6666667    
 23.8167     0.0
 23.8287     0.0
 23.8287      2039.333    
 23.8287     0.0
 23.8313     0.0
 23.8313      581.0000    
 23.8313     0.0
 23.8450     0.0
 23.8450      .3333333    
 23.8450     0.0
 24.0388     0.0
 24.0388      588.0000    
 24.0388     0.0
 24.0418     0.0
 24.0418      2668.667    
 24.0418     0.0
 24.0550     0.0
 24.0550      .3333333    
 24.0550     0.0
 24.3886     0.0
 24.3886      470.6667    
 24.3886     0.0
 24.3910     0.0
 24.3910      792.6667    
 24.3910     0.0
 24.5875     0.0
 24.5875      1.000000    
 24.5875     0.0
 24.5968     0.0
 24.5968      2944.667    
 24.5968     0.0
 24.6012     0.0
 24.6012      169.0000    
 24.6012     0.0
 24.9276     0.0
 24.9276      1.000000    
 24.9276     0.0
 24.9378     0.0
 24.9378      2136.667    
 24.9378     0.0
 24.9413     0.0
 24.9413      291.0000    
 24.9413     0.0
 25.1387     0.0
 25.1387      280.0000    
 25.1387     0.0
 25.1414     0.0
 25.1414      908.0000    
 25.1414     0.0
 25.1550     0.0
 25.1550      .3333333    
 25.1550     0.0
 25.4688     0.0
 25.4688      3.333333    
 25.4688     0.0
 25.4746     0.0
 25.4746      367.6667    
 25.4746     0.0
 25.4815     0.0
 25.4815      3.000000    
 25.4815     0.0
 25.6689     0.0
 25.6689      102.3333    
 25.6689     0.0
 25.6730     0.0
 25.6730      2175.333    
 25.6730     0.0
 25.6809     0.0
 25.6809      3.333333    
 25.6809     0.0
 25.9991     0.0
 25.9991      1938.667    
 25.9991     0.0
 26.0009     0.0
 26.0009      1970.333    
 26.0009     0.0
 26.1890     0.0
 26.1890      28.00000    
 26.1890     0.0
 26.1945     0.0
 26.1945      2133.667    
 26.1945     0.0
 26.2009     0.0
 26.2009      6.000000    
 26.2009     0.0
 26.5089     0.0
 26.5089      7.333333    
 26.5089     0.0
 26.5149     0.0
 26.5149      1051.000    
 26.5149     0.0
 26.5213     0.0
 26.5213      8.000000    
 26.5213     0.0
 26.6985     0.0
 26.6985      5.000000    
 26.6985     0.0
 26.7053     0.0
 26.7053      1508.667    
 26.7053     0.0
 26.7115     0.0
 26.7115      19.33333    
 26.7115     0.0
 27.0186     0.0
 27.0186      2161.000    
 27.0186     0.0
 27.0216     0.0
 27.0216      1917.667    
 27.0216     0.0
 27.1980     0.0
 27.1980      1.000000    
 27.1980     0.0
 27.2065     0.0
 27.2065      1892.333    
 27.2065     0.0
 27.2112     0.0
 27.2112      79.33334    
 27.2112     0.0
 27.5087     0.0
 27.5087      4.666667    
 27.5087     0.0
 27.5157     0.0
 27.5157      1888.000    
 27.5157     0.0
 27.5211     0.0
 27.5211      26.00000    
 27.5211     0.0
 27.6850     0.0
 27.6850      .3333333    
 27.6850     0.0
 27.6989     0.0
 27.6989      1750.000    
 27.6989     0.0
 27.7014     0.0
 27.7014      632.6667    
 27.7014     0.0
 27.9989     0.0
 27.9989      61.00000    
 27.9989     0.0
 28.0031     0.0
 28.0031      879.3333    
 28.0031     0.0
 28.0128     0.0
 28.0128      .6666667    
 28.0128     0.0
 28.1790     0.0
 28.1790      52.00000    
 28.1790     0.0
 28.1836     0.0
 28.1836      895.6667    
 28.1836     0.0
 28.1913     0.0
 28.1913      1.333333    
 28.1913     0.0
 28.6584     0.0
 28.6584      1522.000    
 28.6584     0.0
 28.6613     0.0
 28.6613      347.6667    
 28.6613     0.0
 28.9489     0.0
 28.9489      226.6667    
 28.9489     0.0
 28.9529     0.0
 28.9529      3126.667    
 28.9529     0.0
 28.9619     0.0
 28.9619      1.333333    
 28.9619     0.0
 29.1150     0.0
 29.1150      .3333333    
 29.1150     0.0
 29.1265     0.0
 29.1265      2772.000    
 29.1265     0.0
 29.1312     0.0
 29.1312      125.3333    
 29.1312     0.0
 29.4074     0.0
 29.4074      .6666667    
 29.4074     0.0
 29.4155     0.0
 29.4155      216.0000    
 29.4155     0.0
 29.4211     0.0
 29.4211      4.000000    
 29.4211     0.0
 29.5761     0.0
 29.5761      .6666667    
 29.5761     0.0
 29.5871     0.0
 29.5871      1466.000    
 29.5871     0.0
 29.5912     0.0
 29.5912      102.6667    
 29.5912     0.0
 29.8688     0.0
 29.8688      421.6667    
 29.8688     0.0
 29.8722     0.0
 29.8722      2666.000    
 29.8722     0.0
 29.8829     0.0
 29.8829      .6666667    
 29.8829     0.0
 30.0389     0.0
 30.0389      127.0000    
 30.0389     0.0
 30.0414     0.0
 30.0414      636.6667    
 30.0414     0.0
 30.3186     0.0
 30.3186      351.3333    
 30.3186     0.0
 30.3214     0.0
 30.3214      1137.667    
 30.3214     0.0
 30.4873     0.0
 30.4873      1659.667    
 30.4873     0.0
 30.4912     0.0
 30.4912      129.6667    
 30.4912     0.0
 30.7591     0.0
 30.7591      22.66667    
 30.7591     0.0
 30.7637     0.0
 30.7637      1380.667    
 30.7637     0.0
 30.7713     0.0
 30.7713      1.333333    
 30.7713     0.0
 30.9277     0.0
 30.9277      918.0000    
 30.9277     0.0
 30.9311     0.0
 30.9311      90.33334    
 30.9311     0.0
 31.1987     0.0
 31.1987      486.3333    
 31.1987     0.0
 31.2011     0.0
 31.2011      496.3333    
 31.2011     0.0
 31.3588     0.0
 31.3588      112.3333    
 31.3588     0.0
 31.3623     0.0
 31.3623      1183.667    
 31.3623     0.0
 31.6288     0.0
 31.6288      1083.000    
 31.6288     0.0
 31.6317     0.0
 31.6317      2040.333    
 31.6317     0.0
 31.7888     0.0
 31.7888      901.3333    
 31.7888     0.0
 31.7910     0.0
 31.7910      1590.000    
 31.7910     0.0
 31.8050     0.0
 31.8050      .3333333    
 31.8050     0.0
 32.0489     0.0
 32.0489      2.666667    
 32.0489     0.0
 32.0549     0.0
 32.0549      598.6667    
 32.0549     0.0
 32.0618     0.0
 32.0618      3.000000    
 32.0618     0.0
 32.2090     0.0
 32.2090      53.00000    
 32.2090     0.0
 32.2130     0.0
 32.2130      801.0000    
 32.2130     0.0
 32.2227     0.0
 32.2227      .6666667    
 32.2227     0.0
 32.4691     0.0
 32.4691      8.666667    
 32.4691     0.0
 32.4740     0.0
 32.4740      1135.333    
 32.4740     0.0
 32.4824     0.0
 32.4824      1.333333    
 32.4824     0.0
 32.6289     0.0
 32.6289      1093.667    
 32.6289     0.0
 32.6313     0.0
 32.6313      558.6667    
 32.6313     0.0
 32.8873     0.0
 32.8873      474.0000    
 32.8873     0.0
 32.8912     0.0
 32.8912      33.33333    
 32.8912     0.0
 33.0388     0.0
 33.0388      166.3333    
 33.0388     0.0
 33.0420     0.0
 33.0420      893.3333    
 33.0420     0.0
 33.2884     0.0
 33.2884      1.333333    
 33.2884     0.0
 33.2960     0.0
 33.2960      994.3333    
 33.2960     0.0
 33.3009     0.0
 33.3009      38.00000    
 33.3009     0.0
 33.4478     0.0
 33.4478      702.3333    
 33.4478     0.0
 33.4511     0.0
 33.4511      67.00000    
 33.4511     0.0
 33.6991     0.0
 33.6991      603.6667    
 33.6991     0.0
 33.7013     0.0
 33.7013      357.0000    
 33.7013     0.0
 33.8490     0.0
 33.8490      827.6667    
 33.8490     0.0
 33.8513     0.0
 33.8513      592.0000    
 33.8513     0.0
 34.0982     0.0
 34.0982      1930.667    
 34.0982     0.0
 34.1013     0.0
 34.1013      324.6667    
 34.1013     0.0
 34.2350     0.0
 34.2350      .3333333    
 34.2350     0.0
 34.2469     0.0
 34.2469      1054.667    
 34.2469     0.0
 34.2511     0.0
 34.2511      38.00000    
 34.2511     0.0
 34.4890     0.0
 34.4890      12.66667    
 34.4890     0.0
 34.4930     0.0
 34.4930      448.0000    
 34.4930     0.0
 34.6390     0.0
 34.6390      626.6667    
 34.6390     0.0
 34.6410     0.0
 34.6410      245.6667    
 34.6410     0.0
 34.8791     0.0
 34.8791      89.33334    
 34.8791     0.0
 34.8828     0.0
 34.8828      1927.333    
 34.8828     0.0
 35.0273     0.0
 35.0273      792.6667    
 35.0273     0.0
 35.0312     0.0
 35.0312      71.66666    
 35.0312     0.0
 35.4089     0.0
 35.4089      207.6667    
 35.4089     0.0
 35.4120     0.0
 35.4120      1275.667    
 35.4120     0.0
 35.6487     0.0
 35.6487      1097.333    
 35.6487     0.0
 35.6513     0.0
 35.6513      362.0000    
 35.6513     0.0
 35.7887     0.0
 35.7887      99.66666    
 35.7887     0.0
 35.7919     0.0
 35.7919      393.3333    
 35.7919     0.0
 36.0265     0.0
 36.0265      360.3333    
 36.0265     0.0
 36.0315     0.0
 36.0315      5.666667    
 36.0315     0.0
 36.1668     0.0
 36.1668      769.3333    
 36.1668     0.0
 36.1712     0.0
 36.1712      37.66667    
 36.1712     0.0
 36.3989     0.0
 36.3989      717.6667    
 36.3989     0.0
 36.4010     0.0
 36.4010      696.6667    
 36.4010     0.0
 36.5386     0.0
 36.5386      1029.000    
 36.5386     0.0
 36.5412     0.0
 36.5412      218.3333    
 36.5412     0.0
 36.7689     0.0
 36.7689      262.3333    
 36.7689     0.0
 36.7711     0.0
 36.7711      100.0000    
 36.7711     0.0
 36.9072     0.0
 36.9072      305.6667    
 36.9072     0.0
 36.9112     0.0
 36.9112      5.666667    
 36.9112     0.0
 37.1287     0.0
 37.1287      3.666667    
 37.1287     0.0
 37.1353     0.0
 37.1353      505.0000    
 37.1353     0.0
 37.1407     0.0
 37.1407      7.333333    
 37.1407     0.0
 37.2691     0.0
 37.2691      96.66666    
 37.2691     0.0
 37.2721     0.0
 37.2721      682.6667    
 37.2721     0.0
 37.4974     0.0
 37.4974      692.6667    
 37.4974     0.0
 37.5011     0.0
 37.5011      42.00000    
 37.5011     0.0
 37.6290     0.0
 37.6290      40.00000    
 37.6290     0.0
 37.6328     0.0
 37.6328      1133.333    
 37.6328     0.0
 37.8473     0.0
 37.8473      .6666667    
 37.8473     0.0
 37.8564     0.0
 37.8564      709.0000    
 37.8564     0.0
 37.8609     0.0
 37.8609      12.33333    
 37.8609     0.0
 37.9890     0.0
 37.9890      94.00000    
 37.9890     0.0
 37.9909     0.0
 37.9909      196.0000    
 37.9909     0.0
 38.2088     0.0
 38.2088      34.33333    
 38.2088     0.0
 38.2124     0.0
 38.2124      228.0000    
 38.2124     0.0
 38.3377     0.0
 38.3377      1.000000    
 38.3377     0.0
 38.3445     0.0
 38.3445      438.6667    
 38.3445     0.0
 38.3550     0.0
 38.3550      .3333333    
 38.3550     0.0
 38.5589     0.0
 38.5589      7.666667    
 38.5589     0.0
 38.5642     0.0
 38.5642      1200.667    
 38.5642     0.0
 38.5717     0.0
 38.5717      1.000000    
 38.5717     0.0
 38.6870     0.0
 38.6870      1.000000    
 38.6870     0.0
 38.6953     0.0
 38.6953      474.6667    
 38.6953     0.0
 38.7008     0.0
 38.7008      7.666667    
 38.7008     0.0
 39.0391     0.0
 39.0391      17.33333    
 39.0391     0.0
 39.0434     0.0
 39.0434      478.6667    
 39.0434     0.0
 39.0550     0.0
 39.0550      .3333333    
 39.0550     0.0
 39.2588     0.0
 39.2588      726.0000    
 39.2588     0.0
 39.2609     0.0
 39.2609      121.6667    
 39.2609     0.0
 39.3879     0.0
 39.3879      695.3333    
 39.3879     0.0
 39.3911     0.0
 39.3911      48.66667    
 39.3911     0.0
 39.5992     0.0
 39.5992      36.00000    
 39.5992     0.0
 39.6022     0.0
 39.6022      487.3333    
 39.6022     0.0
 39.7290     0.0
 39.7290      320.6667    
 39.7290     0.0
 39.7311     0.0
 39.7311      189.3333    
 39.7311     0.0
 39.9391     0.0
 39.9391      30.33333    
 39.9391     0.0
 39.9422     0.0
 39.9422      420.0000    
 39.9422     0.0
 40.0682     0.0
 40.0682      305.0000    
 40.0682     0.0
 40.0713     0.0
 40.0713      40.66667    
 40.0713     0.0
 40.2783     0.0
 40.2783      167.0000    
 40.2783     0.0
 40.2812     0.0
 40.2812      51.66667    
 40.2812     0.0
 40.4047     0.0
 40.4047      304.0000    
 40.4047     0.0
 40.6083     0.0
 40.6083      3.666667    
 40.6083     0.0
 40.6133     0.0
 40.6133      629.0000    
 40.6133     0.0
 40.7377     0.0
 40.7377      479.6667    
 40.7377     0.0
 40.7411     0.0
 40.7411      38.66667    
 40.7411     0.0
 41.0681     0.0
 41.0681      114.6667    
 41.0681     0.0
 41.0712     0.0
 41.0712      17.33333    
 41.0712     0.0
 41.2689     0.0
 41.2689      2.333333    
 41.2689     0.0
 41.2737     0.0
 41.2737      429.0000    
 41.2737     0.0
 41.3963     0.0
 41.3963      269.0000    
 41.3963     0.0
 41.4012     0.0
 41.4012      1.666667    
 41.4012     0.0
 41.5996     0.0
 41.5996      34.33333    
 41.5996     0.0
 41.6005     0.0
 41.6005      34.00000    
 41.6005     0.0
 41.7189     0.0
 41.7189      23.66667    
 41.7189     0.0
 41.7219     0.0
 41.7219      303.0000    
 41.7219     0.0
 41.9237     0.0
 41.9237      115.3333    
 41.9237     0.0
 42.0375     0.0
 42.0375      .6666667    
 42.0375     0.0
 42.0445     0.0
 42.0445      225.0000    
 42.0445     0.0
 42.2379     0.0
 42.2379      1.000000    
 42.2379     0.0
 42.2450     0.0
 42.2450      196.0000    
 42.2450     0.0
 42.2550     0.0
 42.2550      .3333333    
 42.2550     0.0
 42.3573     0.0
 42.3573      .6666667    
 42.3573     0.0
 42.3648     0.0
 42.3648      350.3333    
 42.3648     0.0
 42.3718     0.0
 42.3718      1.000000    
 42.3718     0.0
 42.5583     0.0
 42.5583      2.000000    
 42.5583     0.0
 42.5638     0.0
 42.5638      433.3333    
 42.5638     0.0
 42.6791     0.0
 42.6791      3.333333    
 42.6791     0.0
 42.6828     0.0
 42.6828      318.3333    
 42.6828     0.0
 42.8791     0.0
 42.8791      57.00000    
 42.8791     0.0
 42.8809     0.0
 42.8809      95.33334    
 42.8809     0.0
 42.9979     0.0
 42.9979      36.33333    
 42.9979     0.0
 43.0010     0.0
 43.0010      7.333333    
 43.0010     0.0
 43.1944     0.0
 43.1944      160.6667    
 43.1944     0.0
 43.3088     0.0
 43.3088      3.333333    
 43.3088     0.0
 43.3118     0.0
 43.3118      70.00000    
 43.3118     0.0
 43.5063     0.0
 43.5063      111.6667    
 43.5063     0.0
 43.5150     0.0
 43.5150      .3333333    
 43.5150     0.0
 43.6179     0.0
 43.6179      1.333333    
 43.6179     0.0
 43.6227     0.0
 43.6227      224.3333    
 43.6227     0.0
 43.8159     0.0
 43.8159      131.6667    
 43.8159     0.0
 43.8220     0.0
 43.8220      1.000000    
 43.8220     0.0
 43.9287     0.0
 43.9287      12.00000    
 43.9287     0.0
 43.9318     0.0
 43.9318      82.00000    
 43.9318     0.0
 44.1234     0.0
 44.1234      60.00000    
 44.1234     0.0
 44.2381     0.0
 44.2381      144.0000    
 44.2381     0.0
 44.2407     0.0
 44.2407      6.000000    
 44.2407     0.0
 44.4287     0.0
 44.4287      230.0000    
 44.4287     0.0
 44.4307     0.0
 44.4307      15.33333    
 44.4307     0.0
 44.5371     0.0
 44.5371      .6666667    
 44.5371     0.0
 44.5428     0.0
 44.5428      124.6667    
 44.5428     0.0
 44.8452     0.0
 44.8452      92.66666    
 44.8452     0.0
 45.0333     0.0
 45.0333      120.3333    
 45.0333     0.0
 45.1457     0.0
 45.1457      60.33333    
 45.1457     0.0
 45.3250     0.0
 45.3250      .3333333    
 45.3250     0.0
 45.3326     0.0
 45.3326      63.66667    
 45.3326     0.0
 45.4442     0.0
 45.4442      128.6667    
 45.4442     0.0
 45.6294     0.0
 45.6294      54.66667    
 45.6294     0.0
 45.6307     0.0
 45.6307      24.00000    
 45.6307     0.0
 45.7389     0.0
 45.7389      8.000000    
 45.7389     0.0
 45.7415     0.0
 45.7415      28.33333    
 45.7415     0.0
 46.0356     0.0
 46.0356      26.66667    
 46.0356     0.0
 46.2186     0.0
 46.2186      49.00000    
 46.2186     0.0
 46.2214     0.0
 46.2214      1.666667    
 46.2214     0.0
 46.3279     0.0
 46.3279      61.00000    
 46.3279     0.0
 46.3310     0.0
 46.3310      5.333333    
 46.3310     0.0
 46.6184     0.0
 46.6184      10.66667    
 46.6184     0.0
 46.6211     0.0
 46.6211      3.333333    
 46.6211     0.0
 46.7996     0.0
 46.7996      10.00000    
 46.7996     0.0
 46.8004     0.0
 46.8004      10.00000    
 46.8004     0.0
 46.9082     0.0
 46.9082      53.66667    
 46.9082     0.0
 46.9124     0.0
 46.9124      1.666667    
 46.9124     0.0
 47.0879     0.0
 47.0879      26.66667    
 47.0879     0.0
 47.1956     0.0
 47.1956      53.66667    
 47.1956     0.0
 47.3743     0.0
 47.3743      25.66667    
 47.3743     0.0
 47.4792     0.0
 47.4792      4.000000    
 47.4792     0.0
 47.4815     0.0
 47.4815      27.00000    
 47.4815     0.0
 47.6587     0.0
 47.6587      36.66667    
 47.6587     0.0
 47.6626     0.0
 47.6626      .6666667    
 47.6626     0.0
 47.7650     0.0
 47.7650      31.00000    
 47.7650     0.0
 48.0472     0.0
 48.0472      5.333333    
 48.0472     0.0
 48.3279     0.0
 48.3279      18.33333    
 48.3279     0.0
 48.6068     0.0
 48.6068      11.33333    
 48.6068     0.0
 49.1592     0.0
 49.1592      3.666667    
 49.1592     0.0
 49.1609     0.0
 49.1609      3.666667    
 49.1609     0.0
 49.4342     0.0
 49.4342      9.000000    
 49.4342     0.0
 49.6048     0.0
 49.6048      24.00000    
 49.6048     0.0
 49.7068     0.0
 49.7068      14.00000    
 49.7068     0.0
 49.9780     0.0
 49.9780      6.333333    
 49.9780     0.0
 50.2478     0.0
 50.2478      3.666667    
 50.2478     0.0
 50.5163     0.0
 50.5163      5.333333    
 50.5163     0.0
 51.9987     0.0
 51.9987      1.333333    
 51.9987     0.0
 52.0013     0.0
 52.0013      1.333333    
 52.0013     0.0
 52.0972     0.0
 52.0972      3.666667    
 52.0972     0.0
 52.3562     0.0
 52.3562      3.333333    
 52.3562     0.0
 54.6330     0.0
 54.6330      .6666667    
 54.6330     0.0
