 iO2                                                                   
  1 - Si, 2 - O  !   2.03.86                                           
  Зависимость числа пар атомов типа         12
  на единицу состава от расстояния между ними в кл.
        1479  15  15  1  0
  1.5884     0.0
  1.5884      19.33333    
  1.5884     0.0
  1.5922     0.0
  1.5922      1302.667    
  1.5922     0.0
  1.6050     0.0
  1.6050      .3333333    
  1.6050     0.0
  3.9986     0.0
  3.9986      4.000000    
  3.9986     0.0
  4.0068     0.0
  4.0068      3553.000    
  4.0068     0.0
  4.0114     0.0
  4.0114      63.66667    
  4.0114     0.0
  5.4283     0.0
  5.4283      1.333333    
  5.4283     0.0
  5.4380     0.0
  5.4380      6364.667    
  5.4380     0.0
  5.4413     0.0
  5.4413      471.6667    
  5.4413     0.0
  6.5590     0.0
  6.5590      54.00000    
  6.5590     0.0
  6.5647     0.0
  6.5647      6561.000    
  6.5647     0.0
  6.5711     0.0
  6.5711      37.00000    
  6.5711     0.0
  7.5190     0.0
  7.5190      46.33333    
  7.5190     0.0
  7.5243     0.0
  7.5243      3119.667    
  7.5243     0.0
  7.5315     0.0
  7.5315      9.666667    
  7.5315     0.0
  8.3689     0.0
  8.3689      86.66666    
  8.3689     0.0
  8.3748     0.0
  8.3748      8992.333    
  8.3748     0.0
  8.3814     0.0
  8.3814      54.00000    
  8.3814     0.0
  9.1387     0.0
  9.1387      21.66667    
  9.1387     0.0
  9.1462     0.0
  9.1462      8566.333    
  9.1462     0.0
  9.1514     0.0
  9.1514      168.0000    
  9.1514     0.0
  9.8487     0.0
  9.8487      5.000000    
  9.8487     0.0
  9.8575     0.0
  9.8575      5332.000    
  9.8575     0.0
  9.8614     0.0
  9.8614      318.0000    
  9.8614     0.0
 10.5186     0.0
 10.5186      2055.000    
 10.5186     0.0
 10.5212     0.0
 10.5212      11957.33    
 10.5212     0.0
 10.5313     0.0
 10.5313      4.000000    
 10.5313     0.0
 11.1389     0.0
 11.1389      48.00000    
 11.1389     0.0
 11.1452     0.0
 11.1452      6215.333    
 11.1452     0.0
 11.1511     0.0
 11.1511      63.00000    
 11.1511     0.0
 11.7287     0.0
 11.7287      9.333333    
 11.7287     0.0
 11.7360     0.0
 11.7360      2635.667    
 11.7360     0.0
 11.7417     0.0
 11.7417      45.66667    
 11.7417     0.0
 12.2889     0.0
 12.2889      4.000000    
 12.2889     0.0
 12.2975     0.0
 12.2975      11295.33    
 12.2975     0.0
 12.3014     0.0
 12.3014      1554.333    
 12.3014     0.0
 12.3150     0.0
 12.3150      .3333333    
 12.3150     0.0
 12.8288     0.0
 12.8288      26.66667    
 12.8288     0.0
 12.8361     0.0
 12.8361      9673.333    
 12.8361     0.0
 12.8414     0.0
 12.8414      280.6667    
 12.8414     0.0
 13.3486     0.0
 13.3486      342.0000    
 13.3486     0.0
 13.3523     0.0
 13.3523      6833.667    
 13.3523     0.0
 13.3613     0.0
 13.3613      12.33333    
 13.3613     0.0
 13.8384     0.0
 13.8384      1.333333    
 13.8384     0.0
 13.8480     0.0
 13.8480      8401.000    
 13.8480     0.0
 13.8515     0.0
 13.8515      3467.667    
 13.8515     0.0
 13.8650     0.0
 13.8650      .3333333    
 13.8650     0.0
 14.3174     0.0
 14.3174      .6666667    
 14.3174     0.0
 14.3283     0.0
 14.3283      7558.000    
 14.3283     0.0
 14.3314     0.0
 14.3314      2465.667    
 14.3314     0.0
 14.3450     0.0
 14.3450      .3333333    
 14.3450     0.0
 14.7888     0.0
 14.7888      238.0000    
 14.7888     0.0
 14.7957     0.0
 14.7957      8750.333    
 14.7957     0.0
 14.8011     0.0
 14.8011      31.66667    
 14.8011     0.0
 15.2388     0.0
 15.2388      271.6667    
 15.2388     0.0
 15.2447     0.0
 15.2447      10718.67    
 15.2447     0.0
 15.2511     0.0
 15.2511      50.00000    
 15.2511     0.0
 15.6787     0.0
 15.6787      1604.667    
 15.6787     0.0
 15.6823     0.0
 15.6823      7234.667    
 15.6823     0.0
 15.6910     0.0
 15.6910      2.333333    
 15.6910     0.0
 16.0991     0.0
 16.0991      13.66667    
 16.0991     0.0
 16.1062     0.0
 16.1062      6293.333    
 16.1062     0.0
 16.1112     0.0
 16.1112      185.0000    
 16.1112     0.0
 16.5186     0.0
 16.5186      1910.333    
 16.5186     0.0
 16.5212     0.0
 16.5212      6260.000    
 16.5212     0.0
 16.5313     0.0
 16.5313      1.666667    
 16.5313     0.0
 16.9190     0.0
 16.9190      113.6667    
 16.9190     0.0
 16.9249     0.0
 16.9249      11959.67    
 16.9249     0.0
 16.9312     0.0
 16.9312      148.0000    
 16.9312     0.0
 17.3074     0.0
 17.3074      .6666667    
 17.3074     0.0
 17.3193     0.0
 17.3193      5423.333    
 17.3193     0.0
 17.3213     0.0
 17.3213      2382.333    
 17.3213     0.0
 17.3331     0.0
 17.3331      .6666667    
 17.3331     0.0
 17.6990     0.0
 17.6990      72.00000    
 17.6990     0.0
 17.7056     0.0
 17.7056      15064.67    
 17.7056     0.0
 17.7113     0.0
 17.7113      314.6667    
 17.7113     0.0
 18.0788     0.0
 18.0788      310.0000    
 18.0788     0.0
 18.0836     0.0
 18.0836      9178.000    
 18.0836     0.0
 18.0911     0.0
 18.0911      24.00000    
 18.0911     0.0
 18.4489     0.0
 18.4489      87.66666    
 18.4489     0.0
 18.4537     0.0
 18.4537      3671.667    
 18.4537     0.0
 18.4617     0.0
 18.4617      15.00000    
 18.4617     0.0
 18.8091     0.0
 18.8091      42.00000    
 18.8091     0.0
 18.8162     0.0
 18.8162      15751.33    
 18.8162     0.0
 18.8214     0.0
 18.8214      460.3333    
 18.8214     0.0
 19.1686     0.0
 19.1686      558.0000    
 19.1686     0.0
 19.1724     0.0
 19.1724      6502.667    
 19.1724     0.0
 19.1812     0.0
 19.1812      7.000000    
 19.1812     0.0
 19.5187     0.0
 19.5187      1389.333    
 19.5187     0.0
 19.5217     0.0
 19.5217      9196.333    
 19.5217     0.0
 19.5314     0.0
 19.5314      6.333333    
 19.5314     0.0
 19.8589     0.0
 19.8589      122.0000    
 19.8589     0.0
 19.8646     0.0
 19.8646      11676.67    
 19.8646     0.0
 19.8711     0.0
 19.8711      115.0000    
 19.8711     0.0
 20.1987     0.0
 20.1987      473.0000    
 20.1987     0.0
 20.2027     0.0
 20.2027      6055.667    
 20.2027     0.0
 20.2117     0.0
 20.2117      10.33333    
 20.2117     0.0
 20.5289     0.0
 20.5289      94.00000    
 20.5289     0.0
 20.5342     0.0
 20.5342      4811.667    
 20.5342     0.0
 20.5411     0.0
 20.5411      26.66667    
 20.5411     0.0
 20.8588     0.0
 20.8588      2086.333    
 20.8588     0.0
 20.8612     0.0
 20.8612      7600.667    
 20.8612     0.0
 20.8723     0.0
 20.8723      2.333333    
 20.8723     0.0
 21.1787     0.0
 21.1787      1043.333    
 21.1787     0.0
 21.1830     0.0
 21.1830      13032.33    
 21.1830     0.0
 21.1911     0.0
 21.1911      12.66667    
 21.1911     0.0
 21.4985     0.0
 21.4985      3521.000    
 21.4985     0.0
 21.5015     0.0
 21.5015      1056.000    
 21.5015     0.0
 21.8086     0.0
 21.8086      2158.000    
 21.8086     0.0
 21.8120     0.0
 21.8120      11488.33    
 21.8120     0.0
 21.8215     0.0
 21.8215      4.333333    
 21.8215     0.0
 22.1050     0.0
 22.1050      .3333333    
 22.1050     0.0
 22.1193     0.0
 22.1193      9422.333    
 22.1193     0.0
 22.1213     0.0
 22.1213      2313.667    
 22.1213     0.0
 22.1320     0.0
 22.1320      1.666667    
 22.1320     0.0
 22.4187     0.0
 22.4187      319.3333    
 22.4187     0.0
 22.4224     0.0
 22.4224      5324.000    
 22.4224     0.0
 22.4320     0.0
 22.4320      5.333333    
 22.4320     0.0
 22.7189     0.0
 22.7189      1282.333    
 22.7189     0.0
 22.7212     0.0
 22.7212      12924.00    
 22.7212     0.0
 22.7312     0.0
 22.7312      13.00000    
 22.7312     0.0
 23.0085     0.0
 23.0085      2.333333    
 23.0085     0.0
 23.0167     0.0
 23.0167      4959.667    
 23.0167     0.0
 23.0213     0.0
 23.0213      460.0000    
 23.0213     0.0
 23.3086     0.0
 23.3086      2941.667    
 23.3086     0.0
 23.3114     0.0
 23.3114      1152.667    
 23.3114     0.0
 23.5889     0.0
 23.5889      7.666667    
 23.5889     0.0
 23.5960     0.0
 23.5960      13213.33    
 23.5960     0.0
 23.6013     0.0
 23.6013      1209.000    
 23.6013     0.0
 23.6150     0.0
 23.6150      .3333333    
 23.6150     0.0
 23.8789     0.0
 23.8789      889.0000    
 23.8789     0.0
 23.8820     0.0
 23.8820      11410.00    
 23.8820     0.0
 23.8909     0.0
 23.8909      13.33333    
 23.8909     0.0
 24.1589     0.0
 24.1589      114.0000    
 24.1589     0.0
 24.1640     0.0
 24.1640      6170.333    
 24.1640     0.0
 24.1709     0.0
 24.1709      21.00000    
 24.1709     0.0
 24.4388     0.0
 24.4388      752.0000    
 24.4388     0.0
 24.4421     0.0
 24.4421      6580.667    
 24.4421     0.0
 24.4513     0.0
 24.4513      3.000000    
 24.4513     0.0
 24.7087     0.0
 24.7087      3.333333    
 24.7087     0.0
 24.7174     0.0
 24.7174      4730.333    
 24.7174     0.0
 24.7212     0.0
 24.7212      253.3333    
 24.7212     0.0
 24.7350     0.0
 24.7350      .3333333    
 24.7350     0.0
 24.9763     0.0
 24.9763      .6666667    
 24.9763     0.0
 24.9885     0.0
 24.9885      4750.000    
 24.9885     0.0
 24.9915     0.0
 24.9915      1201.000    
 24.9915     0.0
 25.0050     0.0
 25.0050      .3333333    
 25.0050     0.0
 25.2482     0.0
 25.2482      3.666667    
 25.2482     0.0
 25.2564     0.0
 25.2564      12347.00    
 25.2564     0.0
 25.2614     0.0
 25.2614      1592.000    
 25.2614     0.0
 25.5190     0.0
 25.5190      89.66666    
 25.5190     0.0
 25.5243     0.0
 25.5243      6622.000    
 25.5243     0.0
 25.5311     0.0
 25.5311      31.33333    
 25.5311     0.0
 25.7788     0.0
 25.7788      2.333333    
 25.7788     0.0
 25.7874     0.0
 25.7874      5048.000    
 25.7874     0.0
 25.7913     0.0
 25.7913      545.0000    
 25.7913     0.0
 26.0365     0.0
 26.0365      .6666667    
 26.0365     0.0
 26.0473     0.0
 26.0473      9109.333    
 26.0473     0.0
 26.0513     0.0
 26.0513      1619.333    
 26.0513     0.0
 26.2989     0.0
 26.2989      8.333333    
 26.2989     0.0
 26.3082     0.0
 26.3082      10334.00    
 26.3082     0.0
 26.3112     0.0
 26.3112      481.3333    
 26.3112     0.0
 26.5589     0.0
 26.5589      406.0000    
 26.5589     0.0
 26.5627     0.0
 26.5627      5946.667    
 26.5627     0.0
 26.5709     0.0
 26.5709      5.000000    
 26.5709     0.0
 26.8091     0.0
 26.8091      29.00000    
 26.8091     0.0
 26.8144     0.0
 26.8144      10205.33    
 26.8144     0.0
 26.8211     0.0
 26.8211      240.0000    
 26.8211     0.0
 27.0584     0.0
 27.0584      4.666667    
 27.0584     0.0
 27.0660     0.0
 27.0660      6228.667    
 27.0660     0.0
 27.0712     0.0
 27.0712      308.0000    
 27.0712     0.0
 27.3087     0.0
 27.3087      9.000000    
 27.3087     0.0
 27.3152     0.0
 27.3152      2903.667    
 27.3152     0.0
 27.3210     0.0
 27.3210      31.33333    
 27.3210     0.0
 27.5587     0.0
 27.5587      1639.667    
 27.5587     0.0
 27.5625     0.0
 27.5625      11776.00    
 27.5625     0.0
 27.5720     0.0
 27.5720      1.000000    
 27.5720     0.0
 27.7990     0.0
 27.7990      15.33333    
 27.7990     0.0
 27.8069     0.0
 27.8069      7102.000    
 27.8069     0.0
 27.8112     0.0
 27.8112      148.6667    
 27.8112     0.0
 28.0385     0.0
 28.0385      2.666667    
 28.0385     0.0
 28.0470     0.0
 28.0470      5663.000    
 28.0470     0.0
 28.0513     0.0
 28.0513      666.3333    
 28.0513     0.0
 28.2769     0.0
 28.2769      1.333333    
 28.2769     0.0
 28.2871     0.0
 28.2871      3869.333    
 28.2871     0.0
 28.2912     0.0
 28.2912      479.6667    
 28.2912     0.0
 28.5192     0.0
 28.5192      13.33333    
 28.5192     0.0
 28.5296     0.0
 28.5296      7519.333    
 28.5296     0.0
 28.5310     0.0
 28.5310      174.0000    
 28.5310     0.0
 28.7588     0.0
 28.7588      701.3333    
 28.7588     0.0
 28.7628     0.0
 28.7628      6164.333    
 28.7628     0.0
 28.7713     0.0
 28.7713      2.333333    
 28.7713     0.0
 28.9893     0.0
 28.9893      12.33333    
 28.9893     0.0
 28.9970     0.0
 28.9970      6639.000    
 28.9970     0.0
 29.0011     0.0
 29.0011      153.6667    
 29.0011     0.0
 29.2184     0.0
 29.2184      2.000000    
 29.2184     0.0
 29.2261     0.0
 29.2261      8545.000    
 29.2261     0.0
 29.2312     0.0
 29.2312      1294.000    
 29.2312     0.0
 29.4582     0.0
 29.4582      2892.000    
 29.4582     0.0
 29.4614     0.0
 29.4614      482.0000    
 29.4614     0.0
 29.6774     0.0
 29.6774      .6666667    
 29.6774     0.0
 29.6872     0.0
 29.6872      6141.333    
 29.6872     0.0
 29.6912     0.0
 29.6912      396.0000    
 29.6912     0.0
 29.9092     0.0
 29.9092      71.00000    
 29.9092     0.0
 29.9136     0.0
 29.9136      4376.000    
 29.9136     0.0
 29.9210     0.0
 29.9210      11.33333    
 29.9210     0.0
 30.1382     0.0
 30.1382      811.0000    
 30.1382     0.0
 30.1403     0.0
 30.1403      3475.000    
 30.1403     0.0
 30.1410     0.0
 30.1410      806.3333    
 30.1410     0.0
 30.3589     0.0
 30.3589      752.0000    
 30.3589     0.0
 30.3644     0.0
 30.3644      11421.67    
 30.3644     0.0
 30.3709     0.0
 30.3709      7.333333    
 30.3709     0.0
 30.5792     0.0
 30.5792      65.00000    
 30.5792     0.0
 30.5848     0.0
 30.5848      5668.667    
 30.5848     0.0
 30.5907     0.0
 30.5907      28.33333    
 30.5907     0.0
 30.7992     0.0
 30.7992      41.66667    
 30.7992     0.0
 30.8056     0.0
 30.8056      3530.000    
 30.8056     0.0
 30.8109     0.0
 30.8109      23.66667    
 30.8109     0.0
 31.0191     0.0
 31.0191      343.0000    
 31.0191     0.0
 31.0251     0.0
 31.0251      10600.00    
 31.0251     0.0
 31.0310     0.0
 31.0310      14.33333    
 31.0310     0.0
 31.2385     0.0
 31.2385      1502.667    
 31.2385     0.0
 31.2430     0.0
 31.2430      3872.333    
 31.2430     0.0
 31.4492     0.0
 31.4492      5.000000    
 31.4492     0.0
 31.4541     0.0
 31.4541      4347.000    
 31.4541     0.0
 31.4610     0.0
 31.4610      103.0000    
 31.4610     0.0
 31.6550     0.0
 31.6550      .3333333    
 31.6550     0.0
 31.6692     0.0
 31.6692      1921.333    
 31.6692     0.0
 31.6718     0.0
 31.6718      3892.667    
 31.6718     0.0
 31.8791     0.0
 31.8791      112.6667    
 31.8791     0.0
 31.8820     0.0
 31.8820      3563.333    
 31.8820     0.0
 31.8914     0.0
 31.8914      4.666667    
 31.8914     0.0
 32.0891     0.0
 32.0891      53.33333    
 32.0891     0.0
 32.0944     0.0
 32.0944      3644.667    
 32.0944     0.0
 32.1010     0.0
 32.1010      21.00000    
 32.1010     0.0
 32.2992     0.0
 32.2992      96.66666    
 32.2992     0.0
 32.3046     0.0
 32.3046      6854.000    
 32.3046     0.0
 32.3109     0.0
 32.3109      24.33333    
 32.3109     0.0
 32.5090     0.0
 32.5090      404.3333    
 32.5090     0.0
 32.5130     0.0
 32.5130      8287.667    
 32.5130     0.0
 32.5209     0.0
 32.5209      6.666667    
 32.5209     0.0
 32.7188     0.0
 32.7188      1151.333    
 32.7188     0.0
 32.7210     0.0
 32.7210      1923.333    
 32.7210     0.0
 32.9194     0.0
 32.9194      5.333333    
 32.9194     0.0
 32.9261     0.0
 32.9261      5550.000    
 32.9261     0.0
 32.9309     0.0
 32.9309      119.0000    
 32.9309     0.0
 33.1288     0.0
 33.1288      1049.667    
 33.1288     0.0
 33.1314     0.0
 33.1314      3164.333    
 33.1314     0.0
 33.1427     0.0
 33.1427      .6666667    
 33.1427     0.0
 33.3293     0.0
 33.3293      53.00000    
 33.3293     0.0
 33.3343     0.0
 33.3343      2908.333    
 33.3343     0.0
 33.3408     0.0
 33.3408      11.33333    
 33.3408     0.0
 33.5289     0.0
 33.5289      3.666667    
 33.5289     0.0
 33.5365     0.0
 33.5365      5916.333    
 33.5365     0.0
 33.5409     0.0
 33.5409      165.0000    
 33.5409     0.0
 33.7372     0.0
 33.7372      2735.667    
 33.7372     0.0
 33.7412     0.0
 33.7412      186.6667    
 33.7412     0.0
 33.9250     0.0
 33.9250      .3333333    
 33.9250     0.0
 33.9370     0.0
 33.9370      2716.667    
 33.9370     0.0
 33.9410     0.0
 33.9410      117.3333    
 33.9410     0.0
 34.1294     0.0
 34.1294      13.66667    
 34.1294     0.0
 34.1357     0.0
 34.1357      7367.000    
 34.1357     0.0
 34.1408     0.0
 34.1408      118.0000    
 34.1408     0.0
 34.3290     0.0
 34.3290      219.6667    
 34.3290     0.0
 34.3333     0.0
 34.3333      5282.333    
 34.3333     0.0
 34.3409     0.0
 34.3409      5.000000    
 34.3409     0.0
 34.5290     0.0
 34.5290      1258.333    
 34.5290     0.0
 34.5312     0.0
 34.5312      523.6667    
 34.5312     0.0
 34.7190     0.0
 34.7190      32.66667    
 34.7190     0.0
 34.7249     0.0
 34.7249      6624.333    
 34.7249     0.0
 34.7309     0.0
 34.7309      31.66667    
 34.7309     0.0
 34.9184     0.0
 34.9184      2667.333    
 34.9184     0.0
 34.9214     0.0
 34.9214      647.0000    
 34.9214     0.0
 35.1090     0.0
 35.1090      430.3333    
 35.1090     0.0
 35.1123     0.0
 35.1123      3825.333    
 35.1123     0.0
 35.1250     0.0
 35.1250      .3333333    
 35.1250     0.0
 35.2991     0.0
 35.2991      73.66666    
 35.2991     0.0
 35.3039     0.0
 35.3039      5965.000    
 35.3039     0.0
 35.3112     0.0
 35.3112      8.000000    
 35.3112     0.0
 35.4893     0.0
 35.4893      13.66667    
 35.4893     0.0
 35.4950     0.0
 35.4950      4608.333    
 35.4950     0.0
 35.5009     0.0
 35.5009      23.33333    
 35.5009     0.0
 35.6772     0.0
 35.6772      .6666667    
 35.6772     0.0
 35.6849     0.0
 35.6849      1442.667    
 35.6849     0.0
 35.6914     0.0
 35.6914      3.000000    
 35.6914     0.0
 35.8691     0.0
 35.8691      43.33333    
 35.8691     0.0
 35.8738     0.0
 35.8738      2636.667    
 35.8738     0.0
 35.8809     0.0
 35.8809      4.000000    
 35.8809     0.0
 36.0590     0.0
 36.0590      673.0000    
 36.0590     0.0
 36.0621     0.0
 36.0621      5117.000    
 36.0621     0.0
 36.0750     0.0
 36.0750      .3333333    
 36.0750     0.0
 36.2479     0.0
 36.2479      1000.000    
 36.2479     0.0
 36.2516     0.0
 36.2516      216.6667    
 36.2516     0.0
 36.4290     0.0
 36.4290      38.33333    
 36.4290     0.0
 36.4350     0.0
 36.4350      5514.000    
 36.4350     0.0
 36.4408     0.0
 36.4408      24.33333    
 36.4408     0.0
 36.6192     0.0
 36.6192      1643.000    
 36.6192     0.0
 36.6210     0.0
 36.6210      992.0000    
 36.6210     0.0
 36.7990     0.0
 36.7990      35.66667    
 36.7990     0.0
 36.8041     0.0
 36.8041      1752.667    
 36.8041     0.0
 36.8111     0.0
 36.8111      5.666667    
 36.8111     0.0
 36.9871     0.0
 36.9871      4289.667    
 36.9871     0.0
 36.9910     0.0
 36.9910      189.3333    
 36.9910     0.0
 37.1689     0.0
 37.1689      1651.333    
 37.1689     0.0
 37.1711     0.0
 37.1711      641.0000    
 37.1711     0.0
 37.3488     0.0
 37.3488      503.6667    
 37.3488     0.0
 37.3516     0.0
 37.3516      1714.667    
 37.3516     0.0
 37.5291     0.0
 37.5291      449.3333    
 37.5291     0.0
 37.5319     0.0
 37.5319      3037.667    
 37.5319     0.0
 37.7087     0.0
 37.7087      468.0000    
 37.7087     0.0
 37.7116     0.0
 37.7116      2053.333    
 37.7116     0.0
 37.8889     0.0
 37.8889      1219.667    
 37.8889     0.0
 37.8906     0.0
 37.8906      1581.333    
 37.8906     0.0
 38.0677     0.0
 38.0677      3518.667    
 38.0677     0.0
 38.0712     0.0
 38.0712      346.3333    
 38.0712     0.0
 38.2386     0.0
 38.2386      7.666667    
 38.2386     0.0
 38.2452     0.0
 38.2452      1806.000    
 38.2452     0.0
 38.2508     0.0
 38.2508      19.33333    
 38.2508     0.0
 38.4190     0.0
 38.4190      157.6667    
 38.4190     0.0
 38.4219     0.0
 38.4219      1007.333    
 38.4219     0.0
 38.5887     0.0
 38.5887      2.333333    
 38.5887     0.0
 38.5969     0.0
 38.5969      2577.000    
 38.5969     0.0
 38.6011     0.0
 38.6011      97.66666    
 38.6011     0.0
 38.7690     0.0
 38.7690      225.0000    
 38.7690     0.0
 38.7720     0.0
 38.7720      2065.333    
 38.7720     0.0
 38.9387     0.0
 38.9387      2.333333    
 38.9387     0.0
 38.9457     0.0
 38.9457      1743.667    
 38.9457     0.0
 38.9510     0.0
 38.9510      14.00000    
 38.9510     0.0
 39.1186     0.0
 39.1186      3718.000    
 39.1186     0.0
 39.1211     0.0
 39.1211      787.3333    
 39.1211     0.0
 39.2890     0.0
 39.2890      306.0000    
 39.2890     0.0
 39.2917     0.0
 39.2917      2096.333    
 39.2917     0.0
 39.4590     0.0
 39.4590      25.66667    
 39.4590     0.0
 39.4632     0.0
 39.4632      1244.000    
 39.4632     0.0
 39.6291     0.0
 39.6291      36.33333    
 39.6291     0.0
 39.6341     0.0
 39.6341      2559.667    
 39.6341     0.0
 39.6411     0.0
 39.6411      1.666667    
 39.6411     0.0
 39.7991     0.0
 39.7991      17.00000    
 39.7991     0.0
 39.8043     0.0
 39.8043      1984.000    
 39.8043     0.0
 39.8111     0.0
 39.8111      3.333333    
 39.8111     0.0
 39.9691     0.0
 39.9691      24.33333    
 39.9691     0.0
 39.9738     0.0
 39.9738      1750.000    
 39.9738     0.0
 39.9817     0.0
 39.9817      1.000000    
 39.9817     0.0
 40.1391     0.0
 40.1391      121.6667    
 40.1391     0.0
 40.1427     0.0
 40.1427      1757.333    
 40.1427     0.0
 40.3090     0.0
 40.3090      423.6667    
 40.3090     0.0
 40.3110     0.0
 40.3110      1123.667    
 40.3110     0.0
 40.4777     0.0
 40.4777      1172.333    
 40.4777     0.0
 40.4811     0.0
 40.4811      54.00000    
 40.4811     0.0
 40.6389     0.0
 40.6389      11.00000    
 40.6389     0.0
 40.6445     0.0
 40.6445      1577.333    
 40.6445     0.0
 40.6510     0.0
 40.6510      3.000000    
 40.6510     0.0
 40.8089     0.0
 40.8089      621.0000    
 40.8089     0.0
 40.8111     0.0
 40.8111      1384.667    
 40.8111     0.0
 40.9675     0.0
 40.9675      1.333333    
 40.9675     0.0
 40.9757     0.0
 40.9757      855.6667    
 40.9757     0.0
 40.9811     0.0
 40.9811      6.333333    
 40.9811     0.0
 41.1391     0.0
 41.1391      333.6667    
 41.1391     0.0
 41.1410     0.0
 41.1410      835.3333    
 41.1410     0.0
 41.2987     0.0
 41.2987      14.66667    
 41.2987     0.0
 41.3045     0.0
 41.3045      1722.000    
 41.3045     0.0
 41.3108     0.0
 41.3108      3.666667    
 41.3108     0.0
 41.4677     0.0
 41.4677      844.6667    
 41.4677     0.0
 41.4709     0.0
 41.4709      35.33333    
 41.4709     0.0
 41.6291     0.0
 41.6291      521.0000    
 41.6291     0.0
 41.6311     0.0
 41.6311      1188.333    
 41.6311     0.0
 41.7892     0.0
 41.7892      22.66667    
 41.7892     0.0
 41.7926     0.0
 41.7926      771.6667    
 41.7926     0.0
 41.9485     0.0
 41.9485      3.333333    
 41.9485     0.0
 41.9540     0.0
 41.9540      489.0000    
 41.9540     0.0
 41.9650     0.0
 41.9650      .3333333    
 41.9650     0.0
 42.1080     0.0
 42.1080      3.000000    
 42.1080     0.0
 42.1147     0.0
 42.1147      1636.333    
 42.1147     0.0
 42.1211     0.0
 42.1211      3.000000    
 42.1211     0.0
 42.2670     0.0
 42.2670      .6666667    
 42.2670     0.0
 42.2750     0.0
 42.2750      940.0000    
 42.2750     0.0
 42.4286     0.0
 42.4286      1.666667    
 42.4286     0.0
 42.4346     0.0
 42.4346      1144.000    
 42.4346     0.0
 42.5891     0.0
 42.5891      4.333333    
 42.5891     0.0
 42.5937     0.0
 42.5937      1019.667    
 42.5937     0.0
 42.7492     0.0
 42.7492      43.00000    
 42.7492     0.0
 42.7523     0.0
 42.7523      546.0000    
 42.7523     0.0
 42.9093     0.0
 42.9093      443.0000    
 42.9093     0.0
 42.9109     0.0
 42.9109      228.0000    
 42.9109     0.0
 43.0585     0.0
 43.0585      1.333333    
 43.0585     0.0
 43.0670     0.0
 43.0670      1022.667    
 43.0670     0.0
 43.0711     0.0
 43.0711      26.33333    
 43.0711     0.0
 43.2189     0.0
 43.2189      6.333333    
 43.2189     0.0
 43.2240     0.0
 43.2240      1268.000    
 43.2240     0.0
 43.2326     0.0
 43.2326      .6666667    
 43.2326     0.0
 43.3793     0.0
 43.3793      158.6667    
 43.3793     0.0
 43.3808     0.0
 43.3808      90.66666    
 43.3808     0.0
 43.5276     0.0
 43.5276      1.000000    
 43.5276     0.0
 43.5353     0.0
 43.5353      834.6667    
 43.5353     0.0
 43.5420     0.0
 43.5420      1.666667    
 43.5420     0.0
 43.6891     0.0
 43.6891      322.0000    
 43.6891     0.0
 43.6910     0.0
 43.6910      743.6667    
 43.6910     0.0
 43.8350     0.0
 43.8350      .3333333    
 43.8350     0.0
 43.8449     0.0
 43.8449      457.6667    
 43.8449     0.0
 43.9985     0.0
 43.9985      832.0000    
 43.9985     0.0
 44.0009     0.0
 44.0009      122.0000    
 44.0009     0.0
 44.1490     0.0
 44.1490      14.00000    
 44.1490     0.0
 44.1523     0.0
 44.1523      272.6667    
 44.1523     0.0
 44.3050     0.0
 44.3050      470.6667    
 44.3050     0.0
 44.3130     0.0
 44.3130      .6666667    
 44.3130     0.0
 44.4571     0.0
 44.4571      799.0000    
 44.4571     0.0
 44.4609     0.0
 44.4609      11.33333    
 44.4609     0.0
 44.6089     0.0
 44.6089      567.0000    
 44.6089     0.0
 44.6108     0.0
 44.6108      95.66666    
 44.6108     0.0
 44.7592     0.0
 44.7592      129.6667    
 44.7592     0.0
 44.7609     0.0
 44.7609      316.0000    
 44.7609     0.0
 44.9093     0.0
 44.9093      45.33333    
 44.9093     0.0
 44.9115     0.0
 44.9115      336.3333    
 44.9115     0.0
 45.0592     0.0
 45.0592      21.00000    
 45.0592     0.0
 45.0616     0.0
 45.0616      184.0000    
 45.0616     0.0
 45.2093     0.0
 45.2093      20.66667    
 45.2093     0.0
 45.2114     0.0
 45.2114      197.0000    
 45.2114     0.0
 45.3591     0.0
 45.3591      151.6667    
 45.3591     0.0
 45.3609     0.0
 45.3609      415.6667    
 45.3609     0.0
 45.5091     0.0
 45.5091      170.3333    
 45.5091     0.0
 45.5106     0.0
 45.5106      19.66667    
 45.5106     0.0
 45.6576     0.0
 45.6576      146.3333    
 45.6576     0.0
 45.8054     0.0
 45.8054      530.6667    
 45.8054     0.0
 45.9483     0.0
 45.9483      1.666667    
 45.9483     0.0
 45.9528     0.0
 45.9528      355.0000    
 45.9528     0.0
 46.0989     0.0
 46.0989      28.00000    
 46.0989     0.0
 46.1011     0.0
 46.1011      16.00000    
 46.1011     0.0
 46.2461     0.0
 46.2461      440.3333    
 46.2461     0.0
 46.2527     0.0
 46.2527      .6666667    
 46.2527     0.0
 46.3893     0.0
 46.3893      12.00000    
 46.3893     0.0
 46.3922     0.0
 46.3922      183.3333    
 46.3922     0.0
 46.5375     0.0
 46.5375      120.0000    
 46.5375     0.0
 46.5427     0.0
 46.5427      .6666667    
 46.5427     0.0
 46.6792     0.0
 46.6792      9.000000    
 46.6792     0.0
 46.6826     0.0
 46.6826      294.3333    
 46.6826     0.0
 46.8270     0.0
 46.8270      216.6667    
 46.8270     0.0
 46.8314     0.0
 46.8314      2.000000    
 46.8314     0.0
 46.9690     0.0
 46.9690      7.333333    
 46.9690     0.0
 46.9713     0.0
 46.9713      93.66666    
 46.9713     0.0
 47.1151     0.0
 47.1151      159.0000    
 47.1151     0.0
 47.1250     0.0
 47.1250      .3333333    
 47.1250     0.0
 47.2581     0.0
 47.2581      186.3333    
 47.2581     0.0
 47.2610     0.0
 47.2610      3.000000    
 47.2610     0.0
 47.3992     0.0
 47.3992      8.000000    
 47.3992     0.0
 47.4012     0.0
 47.4012      97.00000    
 47.4012     0.0
 47.5435     0.0
 47.5435      140.6667    
 47.5435     0.0
 47.6854     0.0
 47.6854      213.0000    
 47.6854     0.0
 47.6950     0.0
 47.6950      .3333333    
 47.6950     0.0
 47.8268     0.0
 47.8268      20.00000    
 47.8268     0.0
 47.8350     0.0
 47.8350      .3333333    
 47.8350     0.0
 47.9680     0.0
 47.9680      68.33334    
 47.9680     0.0
 47.9710     0.0
 47.9710      2.666667    
 47.9710     0.0
 48.1086     0.0
 48.1086      94.00000    
 48.1086     0.0
 48.1107     0.0
 48.1107      9.666667    
 48.1107     0.0
 48.2490     0.0
 48.2490      51.00000    
 48.2490     0.0
 48.2514     0.0
 48.2514      1.333333    
 48.2514     0.0
 48.3889     0.0
 48.3889      150.6667    
 48.3889     0.0
 48.3906     0.0
 48.3906      15.66667    
 48.3906     0.0
 48.5285     0.0
 48.5285      25.66667    
 48.5285     0.0
 48.6676     0.0
 48.6676      16.33333    
 48.6676     0.0
 48.6726     0.0
 48.6726      .6666667    
 48.6726     0.0
 48.8063     0.0
 48.8063      121.0000    
 48.8063     0.0
 48.9447     0.0
 48.9447      68.00000    
 48.9447     0.0
 49.0826     0.0
 49.0826      27.33333    
 49.0826     0.0
 49.2193     0.0
 49.2193      12.00000    
 49.2193     0.0
 49.2205     0.0
 49.2205      36.33333    
 49.2205     0.0
 49.4940     0.0
 49.4940      40.66667    
 49.4940     0.0
 49.6294     0.0
 49.6294      21.33333    
 49.6294     0.0
 49.6306     0.0
 49.6306      75.33334    
 49.6306     0.0
 49.7664     0.0
 49.7664      41.00000    
 49.7664     0.0
 49.8974     0.0
 49.8974      .6666667    
 49.8974     0.0
 49.9021     0.0
 49.9021      12.66667    
 49.9021     0.0
 50.0372     0.0
 50.0372      7.666667    
 50.0372     0.0
 50.1725     0.0
 50.1725      14.66667    
 50.1725     0.0
 50.4386     0.0
 50.4386      1.333333    
 50.4386     0.0
 50.4413     0.0
 50.4413      13.33333    
 50.4413     0.0
 50.5749     0.0
 50.5749      10.66667    
 50.5749     0.0
 50.7082     0.0
 50.7082      16.00000    
 50.7082     0.0
 50.8415     0.0
 50.8415      34.66667    
 50.8415     0.0
 50.9743     0.0
 50.9743      33.66667    
 50.9743     0.0
 51.1066     0.0
 51.1066      5.333333    
 51.1066     0.0
 51.3687     0.0
 51.3687      2.000000    
 51.3687     0.0
 51.3709     0.0
 51.3709      14.33333    
 51.3709     0.0
 51.6332     0.0
 51.6332      10.66667    
 51.6332     0.0
 52.0244     0.0
 52.0244      14.33333    
 52.0244     0.0
 52.1541     0.0
 52.1541      5.333333    
 52.1541     0.0
 52.4128     0.0
 52.4128      6.666667    
 52.4128     0.0
 52.5417     0.0
 52.5417      6.666667    
 52.5417     0.0
 53.3077     0.0
 53.3077      5.333333    
 53.3077     0.0
 53.4346     0.0
 53.4346      5.666667    
 53.4346     0.0
 53.5612     0.0
 53.5612      6.666667    
 53.5612     0.0
 54.6851     0.0
 54.6851      2.666667    
 54.6851     0.0
 55.9069     0.0
 55.9069      1.333333    
 55.9069     0.0
