 iO2                                                                   
  1 - Si, 2 - O  !   2.03.86                                           
  Зависимость числа пар атомов типа         22
  на единицу состава от расстояния между ними в кл.
        2169  15  15  1  0
  2.5996     0.0
  2.5996      805.0000    
  2.5996     0.0
  2.6003     0.0
  2.6003      1033.000    
  2.6003     0.0
  4.4987     0.0
  4.4987      71.00000    
  4.4987     0.0
  4.5034     0.0
  4.5034      3304.333    
  4.5034     0.0
  4.5117     0.0
  4.5117      6.000000    
  4.5117     0.0
  5.1992     0.0
  5.1992      1688.667    
  5.1992     0.0
  5.2007     0.0
  5.2007      1822.667    
  5.2007     0.0
  5.8090     0.0
  5.8090      56.00000    
  5.8090     0.0
  5.8138     0.0
  5.8138      3146.333    
  5.8138     0.0
  5.8209     0.0
  5.8209      7.333333    
  5.8209     0.0
  6.8675     0.0
  6.8675      1.333333    
  6.8675     0.0
  6.8787     0.0
  6.8787      5444.333    
  6.8787     0.0
  6.8813     0.0
  6.8813      802.3333    
  6.8813     0.0
  6.8929     0.0
  6.8929      .6666667    
  6.8929     0.0
  7.3491     0.0
  7.3491      34.66667    
  7.3491     0.0
  7.3539     0.0
  7.3539      1572.667    
  7.3539     0.0
  7.3611     0.0
  7.3611      5.333333    
  7.3611     0.0
  7.7990     0.0
  7.7990      2051.333    
  7.7990     0.0
  7.8008     0.0
  7.8008      2522.667    
  7.8008     0.0
  7.8128     0.0
  7.8128      .6666667    
  7.8128     0.0
  8.6187     0.0
  8.6187      87.66666    
  8.6187     0.0
  8.6234     0.0
  8.6234      2690.333    
  8.6234     0.0
  8.6314     0.0
  8.6314      7.000000    
  8.6314     0.0
  8.9987     0.0
  8.9987      12.33333    
  8.9987     0.0
  9.0065     0.0
  9.0065      5590.667    
  9.0065     0.0
  9.0114     0.0
  9.0114      149.6667    
  9.0114     0.0
  9.3688     0.0
  9.3688      119.6667    
  9.3688     0.0
  9.3745     0.0
  9.3745      8327.000    
  9.3745     0.0
  9.3812     0.0
  9.3812      55.66667    
  9.3812     0.0
 10.0690     0.0
 10.0690      3805.000    
 10.0690     0.0
 10.0713     0.0
 10.0713      1615.000    
 10.0713     0.0
 10.3990     0.0
 10.3990      1348.333    
 10.3990     0.0
 10.4008     0.0
 10.4008      1445.667    
 10.4008     0.0
 10.4115     0.0
 10.4115      1.333333    
 10.4115     0.0
 10.7069     0.0
 10.7069      .6666667    
 10.7069     0.0
 10.7187     0.0
 10.7187      1818.000    
 10.7187     0.0
 10.7208     0.0
 10.7208      3431.000    
 10.7208     0.0
 10.7327     0.0
 10.7327      1.000000    
 10.7327     0.0
 11.3287     0.0
 11.3287      322.3333    
 11.3287     0.0
 11.3334     0.0
 11.3334      7485.667    
 11.3334     0.0
 11.3413     0.0
 11.3413      15.66667    
 11.3413     0.0
 11.6189     0.0
 11.6189      3.666667    
 11.6189     0.0
 11.6272     0.0
 11.6272      4923.667    
 11.6272     0.0
 11.6314     0.0
 11.6314      335.3333    
 11.6314     0.0
 11.9087     0.0
 11.9087      64.33334    
 11.9087     0.0
 11.9144     0.0
 11.9144      5001.333    
 11.9144     0.0
 11.9213     0.0
 11.9213      46.00000    
 11.9213     0.0
 12.4550     0.0
 12.4550      .3333333    
 12.4550     0.0
 12.4687     0.0
 12.4687      4039.000    
 12.4687     0.0
 12.4714     0.0
 12.4714      967.3333    
 12.4714     0.0
 12.4850     0.0
 12.4850      .3333333    
 12.4850     0.0
 12.7285     0.0
 12.7285      3.000000    
 12.7285     0.0
 12.7371     0.0
 12.7371      1500.333    
 12.7371     0.0
 12.7416     0.0
 12.7416      71.66666    
 12.7416     0.0
 12.9879     0.0
 12.9879      1.333333    
 12.9879     0.0
 12.9992     0.0
 12.9992      4046.333    
 12.9992     0.0
 13.0007     0.0
 13.0007      4252.000    
 13.0007     0.0
 13.0123     0.0
 13.0123      1.666667    
 13.0123     0.0
 13.4970     0.0
 13.4970      .6666667    
 13.4970     0.0
 13.5084     0.0
 13.5084      4890.000    
 13.5084     0.0
 13.5110     0.0
 13.5110      4491.667    
 13.5110     0.0
 13.5221     0.0
 13.5221      1.000000    
 13.5221     0.0
 13.7489     0.0
 13.7489      10.33333    
 13.7489     0.0
 13.7571     0.0
 13.7571      8554.000    
 13.7571     0.0
 13.7614     0.0
 13.7614      647.0000    
 13.7614     0.0
 13.9986     0.0
 13.9986      348.6667    
 13.9986     0.0
 14.0018     0.0
 14.0018      1983.000    
 14.0018     0.0
 14.0120     0.0
 14.0120      1.333333    
 14.0120     0.0
 14.4688     0.0
 14.4688      28.33333    
 14.4688     0.0
 14.4756     0.0
 14.4756      8682.333    
 14.4756     0.0
 14.4815     0.0
 14.4815      207.6667    
 14.4815     0.0
 14.7074     0.0
 14.7074      1052.000    
 14.7074     0.0
 14.7114     0.0
 14.7114      117.3333    
 14.7114     0.0
 14.9289     0.0
 14.9289      40.66667    
 14.9289     0.0
 14.9365     0.0
 14.9365      8548.667    
 14.9365     0.0
 14.9413     0.0
 14.9413      192.3333    
 14.9413     0.0
 15.3786     0.0
 15.3786      442.3333    
 15.3786     0.0
 15.3827     0.0
 15.3827      3772.000    
 15.3827     0.0
 15.3911     0.0
 15.3911      3.000000    
 15.3911     0.0
 15.5987     0.0
 15.5987      3202.333    
 15.5987     0.0
 15.6014     0.0
 15.6014      3231.333    
 15.6014     0.0
 15.6112     0.0
 15.6112      1.666667    
 15.6112     0.0
 15.8089     0.0
 15.8089      95.66666    
 15.8089     0.0
 15.8141     0.0
 15.8141      10335.67    
 15.8141     0.0
 15.8213     0.0
 15.8213      143.6667    
 15.8213     0.0
 16.2287     0.0
 16.2287      8.666667    
 16.2287     0.0
 16.2368     0.0
 16.2368      3858.000    
 16.2368     0.0
 16.2416     0.0
 16.2416      151.6667    
 16.2416     0.0
 16.4388     0.0
 16.4388      113.6667    
 16.4388     0.0
 16.4439     0.0
 16.4439      3987.667    
 16.4439     0.0
 16.4513     0.0
 16.4513      23.66667    
 16.4513     0.0
 16.6383     0.0
 16.6383      1.333333    
 16.6383     0.0
 16.6476     0.0
 16.6476      3665.000    
 16.6476     0.0
 16.6514     0.0
 16.6514      477.6667    
 16.6514     0.0
 17.0381     0.0
 17.0381      1.000000    
 17.0381     0.0
 17.0488     0.0
 17.0488      7652.333    
 17.0488     0.0
 17.0515     0.0
 17.0515      2216.333    
 17.0515     0.0
 17.0620     0.0
 17.0620      1.000000    
 17.0620     0.0
 17.2390     0.0
 17.2390      13.00000    
 17.2390     0.0
 17.2462     0.0
 17.2462      3643.000    
 17.2462     0.0
 17.2516     0.0
 17.2516      113.3333    
 17.2516     0.0
 17.4386     0.0
 17.4386      1533.333    
 17.4386     0.0
 17.4416     0.0
 17.4416      8187.667    
 17.4416     0.0
 17.4511     0.0
 17.4511      4.333333    
 17.4511     0.0
 17.8189     0.0
 17.8189      111.0000    
 17.8189     0.0
 17.8247     0.0
 17.8247      7188.667    
 17.8247     0.0
 17.8312     0.0
 17.8312      74.33334    
 17.8312     0.0
 18.0087     0.0
 18.0087      141.6667    
 18.0087     0.0
 18.0135     0.0
 18.0135      3484.000    
 18.0135     0.0
 18.0212     0.0
 18.0212      12.33333    
 18.0212     0.0
 18.1990     0.0
 18.1990      4075.667    
 18.1990     0.0
 18.2009     0.0
 18.2009      4162.000    
 18.2009     0.0
 18.2123     0.0
 18.2123      1.333333    
 18.2123     0.0
 18.5569     0.0
 18.5569      .6666667    
 18.5569     0.0
 18.5674     0.0
 18.5674      3473.000    
 18.5674     0.0
 18.5714     0.0
 18.5714      321.3333    
 18.5714     0.0
 18.7389     0.0
 18.7389      3.000000    
 18.7389     0.0
 18.7486     0.0
 18.7486      8953.333    
 18.7486     0.0
 18.7515     0.0
 18.7515      1815.333    
 18.7515     0.0
 18.7618     0.0
 18.7618      1.333333    
 18.7618     0.0
 18.9188     0.0
 18.9188      3.333333    
 18.9188     0.0
 18.9279     0.0
 18.9279      4657.000    
 18.9279     0.0
 18.9315     0.0
 18.9315      615.6667    
 18.9315     0.0
 19.2787     0.0
 19.2787      1029.000    
 19.2787     0.0
 19.2821     0.0
 19.2821      9517.667    
 19.2821     0.0
 19.2910     0.0
 19.2910      5.666667    
 19.2910     0.0
 19.6172     0.0
 19.6172      .6666667    
 19.6172     0.0
 19.6289     0.0
 19.6289      4954.333    
 19.6289     0.0
 19.6315     0.0
 19.6315      1709.333    
 19.6315     0.0
 19.6417     0.0
 19.6417      2.333333    
 19.6417     0.0
 19.9687     0.0
 19.9687      1040.333    
 19.9687     0.0
 19.9715     0.0
 19.9715      3922.000    
 19.9715     0.0
 19.9816     0.0
 19.9816      2.333333    
 19.9816     0.0
 20.1250     0.0
 20.1250      .3333333    
 20.1250     0.0
 20.1389     0.0
 20.1389      4710.333    
 20.1389     0.0
 20.1415     0.0
 20.1415      1813.667    
 20.1415     0.0
 20.2988     0.0
 20.2988      16.66667    
 20.2988     0.0
 20.3063     0.0
 20.3063      7729.333    
 20.3063     0.0
 20.3113     0.0
 20.3113      305.0000    
 20.3113     0.0
 20.6288     0.0
 20.6288      15.33333    
 20.6288     0.0
 20.6369     0.0
 20.6369      9144.333    
 20.6369     0.0
 20.6412     0.0
 20.6412      463.3333    
 20.6412     0.0
 20.7990     0.0
 20.7990      909.6667    
 20.7990     0.0
 20.8011     0.0
 20.8011      701.0000    
 20.8011     0.0
 20.8127     0.0
 20.8127      1.333333    
 20.8127     0.0
 20.9587     0.0
 20.9587      389.0000    
 20.9587     0.0
 20.9622     0.0
 20.9622      2880.667    
 20.9622     0.0
 20.9723     0.0
 20.9723      2.000000    
 20.9723     0.0
 21.2786     0.0
 21.2786      1214.333    
 21.2786     0.0
 21.2817     0.0
 21.2817      9486.333    
 21.2817     0.0
 21.2918     0.0
 21.2918      7.000000    
 21.2918     0.0
 21.4271     0.0
 21.4271      .6666667    
 21.4271     0.0
 21.4386     0.0
 21.4386      2201.333    
 21.4386     0.0
 21.4411     0.0
 21.4411      3829.667    
 21.4411     0.0
 21.4550     0.0
 21.4550      .3333333    
 21.4550     0.0
 21.5889     0.0
 21.5889      5.666667    
 21.5889     0.0
 21.5969     0.0
 21.5969      5582.333    
 21.5969     0.0
 21.6014     0.0
 21.6014      351.3333    
 21.6014     0.0
 21.8975     0.0
 21.8975      .6666667    
 21.8975     0.0
 21.9076     0.0
 21.9076      2709.667    
 21.9076     0.0
 21.9115     0.0
 21.9115      246.3333    
 21.9115     0.0
 22.0587     0.0
 22.0587      466.6667    
 22.0587     0.0
 22.0623     0.0
 22.0623      3149.667    
 22.0623     0.0
 22.0717     0.0
 22.0717      2.666667    
 22.0717     0.0
 22.2090     0.0
 22.2090      183.6667    
 22.2090     0.0
 22.2153     0.0
 22.2153      11528.33    
 22.2153     0.0
 22.2212     0.0
 22.2212      76.33334    
 22.2212     0.0
 22.5087     0.0
 22.5087      14.66667    
 22.5087     0.0
 22.5161     0.0
 22.5161      6655.333    
 22.5161     0.0
 22.5213     0.0
 22.5213      261.0000    
 22.5213     0.0
 22.6590     0.0
 22.6590      21.33333    
 22.6590     0.0
 22.6665     0.0
 22.6665      8046.333    
 22.6665     0.0
 22.6711     0.0
 22.6711      249.6667    
 22.6711     0.0
 22.8090     0.0
 22.8090      64.00000    
 22.8090     0.0
 22.8145     0.0
 22.8145      5455.667    
 22.8145     0.0
 22.8211     0.0
 22.8211      60.00000    
 22.8211     0.0
 23.0982     0.0
 23.0982      1.666667    
 23.0982     0.0
 23.1089     0.0
 23.1089      4135.000    
 23.1089     0.0
 23.1114     0.0
 23.1114      1205.000    
 23.1114     0.0
 23.1250     0.0
 23.1250      .3333333    
 23.1250     0.0
 23.2489     0.0
 23.2489      23.33333    
 23.2489     0.0
 23.2551     0.0
 23.2551      2645.000    
 23.2551     0.0
 23.2610     0.0
 23.2610      37.00000    
 23.2610     0.0
 23.3986     0.0
 23.3986      3086.667    
 23.3986     0.0
 23.4012     0.0
 23.4012      2947.000    
 23.4012     0.0
 23.4139     0.0
 23.4139      .6666667    
 23.4139     0.0
 23.6787     0.0
 23.6787      5.000000    
 23.6787     0.0
 23.6870     0.0
 23.6870      6148.667    
 23.6870     0.0
 23.6913     0.0
 23.6913      325.6667    
 23.6913     0.0
 23.8175     0.0
 23.8175      1.333333    
 23.8175     0.0
 23.8286     0.0
 23.8286      3932.333    
 23.8286     0.0
 23.8314     0.0
 23.8314      1176.333    
 23.8314     0.0
 23.8450     0.0
 23.8450      .3333333    
 23.8450     0.0
 23.9574     0.0
 23.9574      .6666667    
 23.9574     0.0
 23.9688     0.0
 23.9688      1937.000    
 23.9688     0.0
 23.9710     0.0
 23.9710      5681.667    
 23.9710     0.0
 23.9814     0.0
 23.9814      1.333333    
 23.9814     0.0
 24.2487     0.0
 24.2487      1527.667    
 24.2487     0.0
 24.2513     0.0
 24.2513      6167.333    
 24.2513     0.0
 24.2622     0.0
 24.2622      1.000000    
 24.2622     0.0
 24.3885     0.0
 24.3885      948.6667    
 24.3885     0.0
 24.3911     0.0
 24.3911      1473.333    
 24.3911     0.0
 24.4050     0.0
 24.4050      .3333333    
 24.4050     0.0
 24.5188     0.0
 24.5188      2.333333    
 24.5188     0.0
 24.5283     0.0
 24.5283      4151.333    
 24.5283     0.0
 24.5314     0.0
 24.5314      651.3333    
 24.5314     0.0
 24.7988     0.0
 24.7988      569.3333    
 24.7988     0.0
 24.8023     0.0
 24.8023      6362.000    
 24.8023     0.0
 24.8112     0.0
 24.8112      5.666667    
 24.8112     0.0
 24.9277     0.0
 24.9277      1.666667    
 24.9277     0.0
 24.9378     0.0
 24.9378      4080.333    
 24.9378     0.0
 24.9414     0.0
 24.9414      582.0000    
 24.9414     0.0
 25.0689     0.0
 25.0689      239.6667    
 25.0689     0.0
 25.0733     0.0
 25.0733      6568.333    
 25.0733     0.0
 25.0809     0.0
 25.0809      20.00000    
 25.0809     0.0
 25.3387     0.0
 25.3387      279.3333    
 25.3387     0.0
 25.3422     0.0
 25.3422      1982.333    
 25.3422     0.0
 25.3519     0.0
 25.3519      1.666667    
 25.3519     0.0
 25.4692     0.0
 25.4692      10.00000    
 25.4692     0.0
 25.4746     0.0
 25.4746      743.3333    
 25.4746     0.0
 25.4810     0.0
 25.4810      8.666667    
 25.4810     0.0
 25.5987     0.0
 25.5987      10.00000    
 25.5987     0.0
 25.6052     0.0
 25.6052      10598.67    
 25.6052     0.0
 25.6113     0.0
 25.6113      581.6667    
 25.6113     0.0
 25.8691     0.0
 25.8691      3979.667    
 25.8691     0.0
 25.8717     0.0
 25.8717      1827.333    
 25.8717     0.0
 25.9992     0.0
 25.9992      3769.333    
 25.9992     0.0
 26.0007     0.0
 26.0007      3923.333    
 26.0007     0.0
 26.0150     0.0
 26.0150      .3333333    
 26.0150     0.0
 26.1150     0.0
 26.1150      .3333333    
 26.1150     0.0
 26.1287     0.0
 26.1287      2313.667    
 26.1287     0.0
 26.1314     0.0
 26.1314      1040.333    
 26.1314     0.0
 26.3788     0.0
 26.3788      10.33333    
 26.3788     0.0
 26.3860     0.0
 26.3860      10037.33    
 26.3860     0.0
 26.3913     0.0
 26.3913      599.0000    
 26.3913     0.0
 26.5089     0.0
 26.5089      16.66667    
 26.5089     0.0
 26.5150     0.0
 26.5150      2015.667    
 26.5150     0.0
 26.5213     0.0
 26.5213      21.33333    
 26.5213     0.0
 26.6387     0.0
 26.6387      414.6667    
 26.6387     0.0
 26.6417     0.0
 26.6417      3591.667    
 26.6417     0.0
 26.6512     0.0
 26.6512      1.666667    
 26.6512     0.0
 26.8890     0.0
 26.8890      44.33333    
 26.8890     0.0
 26.8945     0.0
 26.8945      2866.000    
 26.8945     0.0
 26.9010     0.0
 26.9010      21.66667    
 26.9010     0.0
 27.0073     0.0
 27.0073      .6666667    
 27.0073     0.0
 27.0170     0.0
 27.0170      4178.333    
 27.0170     0.0
 27.0212     0.0
 27.0212      3797.667    
 27.0212     0.0
 27.1389     0.0
 27.1389      44.00000    
 27.1389     0.0
 27.1438     0.0
 27.1438      5128.000    
 27.1438     0.0
 27.1512     0.0
 27.1512      41.00000    
 27.1512     0.0
 27.3889     0.0
 27.3889      380.0000    
 27.3889     0.0
 27.3917     0.0
 27.3917      5216.333    
 27.3917     0.0
 27.4008     0.0
 27.4008      6.666667    
 27.4008     0.0
 27.5090     0.0
 27.5090      15.00000    
 27.5090     0.0
 27.5157     0.0
 27.5157      3679.333    
 27.5157     0.0
 27.5210     0.0
 27.5210      70.66666    
 27.5210     0.0
 27.6384     0.0
 27.6384      3243.333    
 27.6384     0.0
 27.6414     0.0
 27.6414      498.6667    
 27.6414     0.0
 27.8787     0.0
 27.8787      1186.000    
 27.8787     0.0
 27.8808     0.0
 27.8808      8113.000    
 27.8808     0.0
 27.8913     0.0
 27.8913      3.000000    
 27.8913     0.0
 27.9989     0.0
 27.9989      129.0000    
 27.9989     0.0
 28.0030     0.0
 28.0030      1705.667    
 28.0030     0.0
 28.0109     0.0
 28.0109      3.000000    
 28.0109     0.0
 28.1189     0.0
 28.1189      319.6667    
 28.1189     0.0
 28.1241     0.0
 28.1241      7750.667    
 28.1241     0.0
 28.1310     0.0
 28.1310      15.33333    
 28.1310     0.0
 28.3589     0.0
 28.3589      297.6667    
 28.3589     0.0
 28.3626     0.0
 28.3626      3231.333    
 28.3626     0.0
 28.3716     0.0
 28.3716      1.333333    
 28.3716     0.0
 28.5850     0.0
 28.5850      .3333333    
 28.5850     0.0
 28.5987     0.0
 28.5987      2440.000    
 28.5987     0.0
 28.6016     0.0
 28.6016      2330.333    
 28.6016     0.0
 28.8291     0.0
 28.8291      23.66667    
 28.8291     0.0
 28.8359     0.0
 28.8359      4992.333    
 28.8359     0.0
 28.8411     0.0
 28.8411      62.66667    
 28.8411     0.0
 28.9488     0.0
 28.9488      521.6667    
 28.9488     0.0
 28.9530     0.0
 28.9530      6017.667    
 28.9530     0.0
 28.9609     0.0
 28.9609      5.000000    
 28.9609     0.0
 29.0566     0.0
 29.0566      .6666667    
 29.0566     0.0
 29.0674     0.0
 29.0674      3929.667    
 29.0674     0.0
 29.0713     0.0
 29.0713      914.0000    
 29.0713     0.0
 29.2870     0.0
 29.2870      .6666667    
 29.2870     0.0
 29.2983     0.0
 29.2983      2018.000    
 29.2983     0.0
 29.3008     0.0
 29.3008      4327.333    
 29.3008     0.0
 29.4090     0.0
 29.4090      2.000000    
 29.4090     0.0
 29.4155     0.0
 29.4155      416.0000    
 29.4155     0.0
 29.4210     0.0
 29.4210      11.00000    
 29.4210     0.0
 29.5286     0.0
 29.5286      1074.667    
 29.5286     0.0
 29.5311     0.0
 29.5311      2004.333    
 29.5311     0.0
 29.7578     0.0
 29.7578      2061.000    
 29.7578     0.0
 29.7614     0.0
 29.7614      324.0000    
 29.7614     0.0
 29.8687     0.0
 29.8687      885.0000    
 29.8687     0.0
 29.8729     0.0
 29.8729      5285.333    
 29.8729     0.0
 29.8811     0.0
 29.8811      2.000000    
 29.8811     0.0
 29.9792     0.0
 29.9792      82.66666    
 29.9792     0.0
 29.9869     0.0
 29.9869      7590.667    
 29.9869     0.0
 29.9908     0.0
 29.9908      53.33333    
 29.9908     0.0
 30.1965     0.0
 30.1965      .6666667    
 30.1965     0.0
 30.2082     0.0
 30.2082      1124.333    
 30.2082     0.0
 30.2104     0.0
 30.2104      4007.000    
 30.2104     0.0
 30.2110     0.0
 30.2110      879.0000    
 30.2110     0.0
 30.3186     0.0
 30.3186      738.3333    
 30.3186     0.0
 30.3209     0.0
 30.3209      2284.667    
 30.3209     0.0
 30.4288     0.0
 30.4288      386.6667    
 30.4288     0.0
 30.4337     0.0
 30.4337      3909.333    
 30.4337     0.0
 30.4417     0.0
 30.4417      1.333333    
 30.4417     0.0
 30.6490     0.0
 30.6490      137.6667    
 30.6490     0.0
 30.6548     0.0
 30.6548      4903.667    
 30.6548     0.0
 30.6612     0.0
 30.6612      11.33333    
 30.6612     0.0
 30.7591     0.0
 30.7591      65.33334    
 30.7591     0.0
 30.7640     0.0
 30.7640      2791.333    
 30.7640     0.0
 30.7709     0.0
 30.7709      5.000000    
 30.7709     0.0
 30.8691     0.0
 30.8691      139.0000    
 30.8691     0.0
 30.8738     0.0
 30.8738      2778.333    
 30.8738     0.0
 30.8809     0.0
 30.8809      4.000000    
 30.8809     0.0
 31.0888     0.0
 31.0888      589.0000    
 31.0888     0.0
 31.0925     0.0
 31.0925      3459.667    
 31.0925     0.0
 31.1850     0.0
 31.1850      .3333333    
 31.1850     0.0
 31.1987     0.0
 31.1987      969.3333    
 31.1987     0.0
 31.2012     0.0
 31.2012      983.6667    
 31.2012     0.0
 31.2977     0.0
 31.2977      1.333333    
 31.2977     0.0
 31.3087     0.0
 31.3087      5858.333    
 31.3087     0.0
 31.3113     0.0
 31.3113      737.0000    
 31.3113     0.0
 31.5190     0.0
 31.5190      184.0000    
 31.5190     0.0
 31.5243     0.0
 31.5243      4429.333    
 31.5243     0.0
 31.5313     0.0
 31.5313      4.000000    
 31.5313     0.0
 31.6150     0.0
 31.6150      .3333333    
 31.6150     0.0
 31.6280     0.0
 31.6280      2228.000    
 31.6280     0.0
 31.6301     0.0
 31.6301      4055.333    
 31.6301     0.0
 31.7275     0.0
 31.7275      .6666667    
 31.7275     0.0
 31.7363     0.0
 31.7363      1794.000    
 31.7363     0.0
 31.7412     0.0
 31.7412      115.3333    
 31.7412     0.0
 31.9379     0.0
 31.9379      1.000000    
 31.9379     0.0
 31.9489     0.0
 31.9489      2740.667    
 31.9489     0.0
 31.9516     0.0
 31.9516      857.3333    
 31.9516     0.0
 32.0489     0.0
 32.0489      6.333333    
 32.0489     0.0
 32.0549     0.0
 32.0549      1189.667    
 32.0549     0.0
 32.0614     0.0
 32.0614      8.000000    
 32.0614     0.0
 32.1588     0.0
 32.1588      2347.667    
 32.1588     0.0
 32.1610     0.0
 32.1610      3729.667    
 32.1610     0.0
 32.1750     0.0
 32.1750      .3333333    
 32.1750     0.0
 32.3688     0.0
 32.3688      1526.000    
 32.3688     0.0
 32.3712     0.0
 32.3712      784.3333    
 32.3712     0.0
 32.4690     0.0
 32.4690      26.00000    
 32.4690     0.0
 32.4740     0.0
 32.4740      2272.667    
 32.4740     0.0
 32.4819     0.0
 32.4819      4.666667    
 32.4819     0.0
 32.5675     0.0
 32.5675      1.666667    
 32.5675     0.0
 32.5777     0.0
 32.5777      6517.000    
 32.5777     0.0
 32.5812     0.0
 32.5812      664.3333    
 32.5812     0.0
 32.7792     0.0
 32.7792      28.33333    
 32.7792     0.0
 32.7847     0.0
 32.7847      3227.000    
 32.7847     0.0
 32.7908     0.0
 32.7908      20.00000    
 32.7908     0.0
 32.8872     0.0
 32.8872      956.3333    
 32.8872     0.0
 32.8913     0.0
 32.8913      79.66666    
 32.8913     0.0
 32.9888     0.0
 32.9888      802.6667    
 32.9888     0.0
 32.9910     0.0
 32.9910      1553.333    
 32.9910     0.0
 33.0050     0.0
 33.0050      .3333333    
 33.0050     0.0
 33.1892     0.0
 33.1892      58.00000    
 33.1892     0.0
 33.1945     0.0
 33.1945      5588.000    
 33.1945     0.0
 33.2009     0.0
 33.2009      29.00000    
 33.2009     0.0
 33.2891     0.0
 33.2891      4.333333    
 33.2891     0.0
 33.2960     0.0
 33.2960      2083.667    
 33.2960     0.0
 33.3009     0.0
 33.3009      94.33334    
 33.3009     0.0
 33.3882     0.0
 33.3882      1.666667    
 33.3882     0.0
 33.3973     0.0
 33.3973      1830.333    
 33.3973     0.0
 33.4012     0.0
 33.4012      162.6667    
 33.4012     0.0
 33.5986     0.0
 33.5986      2216.333    
 33.5986     0.0
 33.6015     0.0
 33.6015      853.3333    
 33.6015     0.0
 33.6989     0.0
 33.6989      1230.667    
 33.6989     0.0
 33.7015     0.0
 33.7015      737.0000    
 33.7015     0.0
 33.7989     0.0
 33.7989      1767.667    
 33.7989     0.0
 33.8010     0.0
 33.8010      1708.667    
 33.8010     0.0
 33.9850     0.0
 33.9850      .3333333    
 33.9850     0.0
 33.9988     0.0
 33.9988      3121.667    
 33.9988     0.0
 34.0013     0.0
 34.0013      1047.667    
 34.0013     0.0
 34.0868     0.0
 34.0868      .6666667    
 34.0868     0.0
 34.0982     0.0
 34.0982      4028.333    
 34.0982     0.0
 34.1015     0.0
 34.1015      724.0000    
 34.1015     0.0
 34.1975     0.0
 34.1975      2300.667    
 34.1975     0.0
 34.2011     0.0
 34.2011      161.3333    
 34.2011     0.0
 34.3891     0.0
 34.3891      34.66667    
 34.3891     0.0
 34.3948     0.0
 34.3948      4712.333    
 34.3948     0.0
 34.4009     0.0
 34.4009      23.66667    
 34.4009     0.0
 34.4891     0.0
 34.4891      38.00000    
 34.4891     0.0
 34.4931     0.0
 34.4931      930.3333    
 34.4931     0.0
 34.5025     0.0
 34.5025      .6666667    
 34.5025     0.0
 34.5888     0.0
 34.5888      966.0000    
 34.5888     0.0
 34.5913     0.0
 34.5913      2731.667    
 34.5913     0.0
 34.7792     0.0
 34.7792      5.333333    
 34.7792     0.0
 34.7855     0.0
 34.7855      1333.667    
 34.7855     0.0
 34.7908     0.0
 34.7908      26.33333    
 34.7908     0.0
 34.8790     0.0
 34.8790      244.0000    
 34.8790     0.0
 34.8828     0.0
 34.8828      3995.667    
 34.8828     0.0
 34.8913     0.0
 34.8913      1.666667    
 34.8913     0.0
 34.9788     0.0
 34.9788      2861.333    
 34.9788     0.0
 34.9814     0.0
 34.9814      1015.000    
 34.9814     0.0
 35.1689     0.0
 35.1689      247.6667    
 35.1689     0.0
 35.1723     0.0
 35.1723      2356.000    
 35.1723     0.0
 35.1850     0.0
 35.1850      .3333333    
 35.1850     0.0
 35.3591     0.0
 35.3591      34.00000    
 35.3591     0.0
 35.3638     0.0
 35.3638      2394.667    
 35.3638     0.0
 35.3711     0.0
 35.3711      3.333333    
 35.3711     0.0
 35.5491     0.0
 35.5491      62.33333    
 35.5491     0.0
 35.5546     0.0
 35.5546      5375.667    
 35.5546     0.0
 35.5608     0.0
 35.5608      24.66667    
 35.5608     0.0
 35.6488     0.0
 35.6488      2321.333    
 35.6488     0.0
 35.6514     0.0
 35.6514      795.3333    
 35.6514     0.0
 35.7390     0.0
 35.7390      44.33333    
 35.7390     0.0
 35.7442     0.0
 35.7442      2821.667    
 35.7442     0.0
 35.7511     0.0
 35.7511      6.333333    
 35.7511     0.0
 35.9290     0.0
 35.9290      85.00000    
 35.9290     0.0
 35.9329     0.0
 35.9329      1503.667    
 35.9329     0.0
 35.9450     0.0
 35.9450      .3333333    
 35.9450     0.0
 36.0266     0.0
 36.0266      744.6667    
 36.0266     0.0
 36.0311     0.0
 36.0311      17.33333    
 36.0311     0.0
 36.1187     0.0
 36.1187      1221.667    
 36.1187     0.0
 36.1211     0.0
 36.1211      2218.333    
 36.1211     0.0
 36.1350     0.0
 36.1350      .3333333    
 36.1350     0.0
 36.3069     0.0
 36.3069      2600.000    
 36.3069     0.0
 36.3109     0.0
 36.3109      120.3333    
 36.3109     0.0
 36.3989     0.0
 36.3989      1554.000    
 36.3989     0.0
 36.4010     0.0
 36.4010      1492.667    
 36.4010     0.0
 36.4893     0.0
 36.4893      56.66667    
 36.4893     0.0
 36.4929     0.0
 36.4929      1684.000    
 36.4929     0.0
 36.5050     0.0
 36.5050      .3333333    
 36.5050     0.0
 36.6772     0.0
 36.6772      2902.333    
 36.6772     0.0
 36.6810     0.0
 36.6810      189.3333    
 36.6810     0.0
 36.7688     0.0
 36.7688      562.6667    
 36.7688     0.0
 36.7713     0.0
 36.7713      223.6667    
 36.7713     0.0
 36.8588     0.0
 36.8588      476.6667    
 36.8588     0.0
 36.8618     0.0
 36.8618      2202.000    
 36.8618     0.0
 37.0391     0.0
 37.0391      25.66667    
 37.0391     0.0
 37.0443     0.0
 37.0443      2440.000    
 37.0443     0.0
 37.0511     0.0
 37.0511      3.666667    
 37.0511     0.0
 37.1288     0.0
 37.1288      7.666667    
 37.1288     0.0
 37.1352     0.0
 37.1352      1157.000    
 37.1352     0.0
 37.1408     0.0
 37.1408      25.33333    
 37.1408     0.0
 37.2191     0.0
 37.2191      3.666667    
 37.2191     0.0
 37.2262     0.0
 37.2262      2262.333    
 37.2262     0.0
 37.2311     0.0
 37.2311      63.66667    
 37.2311     0.0
 37.4071     0.0
 37.4071      2589.333    
 37.4071     0.0
 37.4110     0.0
 37.4110      163.3333    
 37.4110     0.0
 37.4974     0.0
 37.4974      1530.333    
 37.4974     0.0
 37.5014     0.0
 37.5014      113.3333    
 37.5014     0.0
 37.5873     0.0
 37.5873      962.6667    
 37.5873     0.0
 37.5913     0.0
 37.5913      86.00000    
 37.5913     0.0
 37.7581     0.0
 37.7581      1.333333    
 37.7581     0.0
 37.7671     0.0
 37.7671      1320.000    
 37.7671     0.0
 37.7711     0.0
 37.7711      51.33333    
 37.7711     0.0
 37.8469     0.0
 37.8469      .6666667    
 37.8469     0.0
 37.8564     0.0
 37.8564      1580.667    
 37.8564     0.0
 37.8610     0.0
 37.8610      34.00000    
 37.8610     0.0
 37.9392     0.0
 37.9392      6.333333    
 37.9392     0.0
 37.9456     0.0
 37.9456      2957.000    
 37.9456     0.0
 37.9509     0.0
 37.9509      36.33333    
 37.9509     0.0
 38.1190     0.0
 38.1190      15.66667    
 38.1190     0.0
 38.1235     0.0
 38.1235      1585.333    
 38.1235     0.0
 38.1332     0.0
 38.1332      .6666667    
 38.1332     0.0
 38.2088     0.0
 38.2088      95.00000    
 38.2088     0.0
 38.2125     0.0
 38.2125      562.3333    
 38.2125     0.0
 38.2989     0.0
 38.2989      996.0000    
 38.2989     0.0
 38.3010     0.0
 38.3010      2122.667    
 38.3010     0.0
 38.4675     0.0
 38.4675      .6666667    
 38.4675     0.0
 38.4766     0.0
 38.4766      1105.333    
 38.4766     0.0
 38.4808     0.0
 38.4808      22.33333    
 38.4808     0.0
 38.5591     0.0
 38.5591      32.33333    
 38.5591     0.0
 38.5642     0.0
 38.5642      2806.667    
 38.5642     0.0
 38.5710     0.0
 38.5710      4.666667    
 38.5710     0.0
 38.6489     0.0
 38.6489      124.3333    
 38.6489     0.0
 38.6521     0.0
 38.6521      777.3333    
 38.6521     0.0
 38.8188     0.0
 38.8188      4.333333    
 38.8188     0.0
 38.8261     0.0
 38.8261      3588.000    
 38.8261     0.0
 38.8309     0.0
 38.8309      74.66666    
 38.8309     0.0
 38.9989     0.0
 38.9989      1124.333    
 38.9989     0.0
 39.0010     0.0
 39.0010      1097.333    
 39.0010     0.0
 39.1690     0.0
 39.1690      69.66666    
 39.1690     0.0
 39.1731     0.0
 39.1731      1368.333    
 39.1731     0.0
 39.2587     0.0
 39.2587      1543.667    
 39.2587     0.0
 39.2611     0.0
 39.2611      299.6667    
 39.2611     0.0
 39.3388     0.0
 39.3388      10.00000    
 39.3388     0.0
 39.3450     0.0
 39.3450      2698.333    
 39.3450     0.0
 39.3510     0.0
 39.3510      20.00000    
 39.3510     0.0
 39.5165     0.0
 39.5165      821.6667    
 39.5165     0.0
 39.5209     0.0
 39.5209      9.333333    
 39.5209     0.0
 39.5991     0.0
 39.5991      105.6667    
 39.5991     0.0
 39.6023     0.0
 39.6023      1095.333    
 39.6023     0.0
 39.6781     0.0
 39.6781      1.333333    
 39.6781     0.0
 39.6868     0.0
 39.6868      535.3333    
 39.6868     0.0
 39.6913     0.0
 39.6913      49.66667    
 39.6913     0.0
 39.8482     0.0
 39.8482      1.333333    
 39.8482     0.0
 39.8570     0.0
 39.8570      1823.667    
 39.8570     0.0
 39.8611     0.0
 39.8611      85.00000    
 39.8611     0.0
 39.9391     0.0
 39.9391      99.00000    
 39.9391     0.0
 39.9421     0.0
 39.9421      980.0000    
 39.9421     0.0
 40.0186     0.0
 40.0186      2.333333    
 40.0186     0.0
 40.0263     0.0
 40.0263      1993.000    
 40.0263     0.0
 40.0311     0.0
 40.0311      32.66667    
 40.0311     0.0
 40.1887     0.0
 40.1887      5.000000    
 40.1887     0.0
 40.1950     0.0
 40.1950      559.0000    
 40.1950     0.0
 40.2013     0.0
 40.2013      3.666667    
 40.2013     0.0
 40.2782     0.0
 40.2782      459.6667    
 40.2782     0.0
 40.2814     0.0
 40.2814      139.6667    
 40.2814     0.0
 40.3591     0.0
 40.3591      56.66667    
 40.3591     0.0
 40.3630     0.0
 40.3630      1590.000    
 40.3630     0.0
 40.5290     0.0
 40.5290      1101.000    
 40.5290     0.0
 40.5311     0.0
 40.5311      906.0000    
 40.5311     0.0
 40.6090     0.0
 40.6090      40.00000    
 40.6090     0.0
 40.6133     0.0
 40.6133      1505.333    
 40.6133     0.0
 40.6227     0.0
 40.6227      .6666667    
 40.6227     0.0
 40.6871     0.0
 40.6871      .6666667    
 40.6871     0.0
 40.6963     0.0
 40.6963      920.6667    
 40.6963     0.0
 40.7008     0.0
 40.7008      18.33333    
 40.7008     0.0
 40.8590     0.0
 40.8590      122.0000    
 40.8590     0.0
 40.8625     0.0
 40.8625      1897.667    
 40.8625     0.0
 41.0271     0.0
 41.0271      520.3333    
 41.0271     0.0
 41.0308     0.0
 41.0308      22.33333    
 41.0308     0.0
 41.1889     0.0
 41.1889      85.66666    
 41.1889     0.0
 41.1920     0.0
 41.1920      679.3333    
 41.1920     0.0
 41.2691     0.0
 41.2691      23.66667    
 41.2691     0.0
 41.2737     0.0
 41.2737      1241.333    
 41.2737     0.0
 41.2814     0.0
 41.2814      1.333333    
 41.2814     0.0
 41.3488     0.0
 41.3488      4.333333    
 41.3488     0.0
 41.3554     0.0
 41.3554      1774.000    
 41.3554     0.0
 41.3610     0.0
 41.3610      12.66667    
 41.3610     0.0
 41.5182     0.0
 41.5182      853.0000    
 41.5182     0.0
 41.5212     0.0
 41.5212      123.6667    
 41.5212     0.0
 41.5995     0.0
 41.5995      79.66666    
 41.5995     0.0
 41.6006     0.0
 41.6006      74.33334    
 41.6006     0.0
 41.6791     0.0
 41.6791      148.3333    
 41.6791     0.0
 41.6816     0.0
 41.6816      787.0000    
 41.6816     0.0
 41.8389     0.0
 41.8389      23.66667    
 41.8389     0.0
 41.8431     0.0
 41.8431      935.6667    
 41.8431     0.0
 41.9179     0.0
 41.9179      2.000000    
 41.9179     0.0
 41.9238     0.0
 41.9238      343.6667    
 41.9238     0.0
 41.9350     0.0
 41.9350      .3333333    
 41.9350     0.0
 41.9985     0.0
 41.9985      1.666667    
 41.9985     0.0
 42.0042     0.0
 42.0042      513.0000    
 42.0042     0.0
 42.0150     0.0
 42.0150      .3333333    
 42.0150     0.0
 42.1585     0.0
 42.1585      4.333333    
 42.1585     0.0
 42.1649     0.0
 42.1649      540.6667    
 42.1649     0.0
 42.1714     0.0
 42.1714      3.000000    
 42.1714     0.0
 42.2386     0.0
 42.2386      2.000000    
 42.2386     0.0
 42.2450     0.0
 42.2450      488.0000    
 42.2450     0.0
 42.2516     0.0
 42.2516      1.333333    
 42.2516     0.0
 42.3186     0.0
 42.3186      4.666667    
 42.3186     0.0
 42.3247     0.0
 42.3247      1431.667    
 42.3247     0.0
 42.3312     0.0
 42.3312      3.666667    
 42.3312     0.0
 42.4772     0.0
 42.4772      1.333333    
 42.4772     0.0
 42.4845     0.0
 42.4845      674.3333    
 42.4845     0.0
 42.4950     0.0
 42.4950      .3333333    
 42.4950     0.0
 42.5586     0.0
 42.5586      14.00000    
 42.5586     0.0
 42.5638     0.0
 42.5638      1253.667    
 42.5638     0.0
 42.5750     0.0
 42.5750      .3333333    
 42.5750     0.0
 42.6390     0.0
 42.6390      9.666667    
 42.6390     0.0
 42.6432     0.0
 42.6432      444.3333    
 42.6432     0.0
 42.7992     0.0
 42.7992      111.0000    
 42.7992     0.0
 42.8017     0.0
 42.8017      773.0000    
 42.8017     0.0
 42.8790     0.0
 42.8790      143.0000    
 42.8790     0.0
 42.8810     0.0
 42.8810      268.3333    
 42.8810     0.0
 42.9588     0.0
 42.9588      960.0000    
 42.9588     0.0
 42.9610     0.0
 42.9610      171.0000    
 42.9610     0.0
 43.1161     0.0
 43.1161      645.3333    
 43.1161     0.0
 43.1212     0.0
 43.1212      2.666667    
 43.1212     0.0
 43.1887     0.0
 43.1887      2.000000    
 43.1887     0.0
 43.1944     0.0
 43.1944      542.3333    
 43.1944     0.0
 43.2026     0.0
 43.2026      .6666667    
 43.2026     0.0
 43.2693     0.0
 43.2693      20.66667    
 43.2693     0.0
 43.2727     0.0
 43.2727      773.3333    
 43.2727     0.0
 43.4283     0.0
 43.4283      748.6667    
 43.4283     0.0
 43.4311     0.0
 43.4311      78.66666    
 43.4311     0.0
 43.5062     0.0
 43.5062      322.0000    
 43.5062     0.0
 43.5111     0.0
 43.5111      2.000000    
 43.5111     0.0
 43.5787     0.0
 43.5787      2.333333    
 43.5787     0.0
 43.5840     0.0
 43.5840      363.6667    
 43.5840     0.0
 43.5950     0.0
 43.5950      .3333333    
 43.5950     0.0
 43.7384     0.0
 43.7384      865.0000    
 43.7384     0.0
 43.7409     0.0
 43.7409      137.0000    
 43.7409     0.0
 43.8159     0.0
 43.8159      348.6667    
 43.8159     0.0
 43.8213     0.0
 43.8213      3.333333    
 43.8213     0.0
 43.8890     0.0
 43.8890      5.666667    
 43.8890     0.0
 43.8931     0.0
 43.8931      418.0000    
 43.8931     0.0
 44.0468     0.0
 44.0468      389.0000    
 44.0468     0.0
 44.0511     0.0
 44.0511      9.333333    
 44.0511     0.0
 44.1150     0.0
 44.1150      .3333333    
 44.1150     0.0
 44.1235     0.0
 44.1235      162.6667    
 44.1235     0.0
 44.1992     0.0
 44.1992      230.3333    
 44.1992     0.0
 44.2007     0.0
 44.2007      236.6667    
 44.2007     0.0
 44.3491     0.0
 44.3491      4.666667    
 44.3491     0.0
 44.3528     0.0
 44.3528      446.3333    
 44.3528     0.0
 44.4285     0.0
 44.4285      696.6667    
 44.4285     0.0
 44.4309     0.0
 44.4309      88.33334    
 44.4309     0.0
 44.4982     0.0
 44.4982      2.000000    
 44.4982     0.0
 44.5049     0.0
 44.5049      482.0000    
 44.5049     0.0
 44.5130     0.0
 44.5130      .6666667    
 44.5130     0.0
 44.6473     0.0
 44.6473      .6666667    
 44.6473     0.0
 44.6564     0.0
 44.6564      405.6667    
 44.6564     0.0
 44.6615     0.0
 44.6615      2.333333    
 44.6615     0.0
 44.8074     0.0
 44.8074      632.3333    
 44.8074     0.0
 44.8107     0.0
 44.8107      17.33333    
 44.8107     0.0
 44.9580     0.0
 44.9580      258.3333    
 44.9580     0.0
 44.9609     0.0
 44.9609      16.33333    
 44.9609     0.0
 45.0289     0.0
 45.0289      3.666667    
 45.0289     0.0
 45.0333     0.0
 45.0333      462.6667    
 45.0333     0.0
 45.1081     0.0
 45.1081      387.0000    
 45.1081     0.0
 45.1109     0.0
 45.1109      27.00000    
 45.1109     0.0
 45.2578     0.0
 45.2578      227.0000    
 45.2578     0.0
 45.2610     0.0
 45.2610      10.00000    
 45.2610     0.0
 45.3293     0.0
 45.3293      3.666667    
 45.3293     0.0
 45.3326     0.0
 45.3326      209.6667    
 45.3326     0.0
 45.4069     0.0
 45.4069      144.0000    
 45.4069     0.0
 45.4112     0.0
 45.4112      2.333333    
 45.4112     0.0
 45.5450     0.0
 45.5450      .3333333    
 45.5450     0.0
 45.5556     0.0
 45.5556      466.3333    
 45.5556     0.0
 45.5627     0.0
 45.5627      1.000000    
 45.5627     0.0
 45.6294     0.0
 45.6294      146.0000    
 45.6294     0.0
 45.6307     0.0
 45.6307      76.66666    
 45.6307     0.0
 45.7038     0.0
 45.7038      258.0000    
 45.7038     0.0
 45.8493     0.0
 45.8493      16.33333    
 45.8493     0.0
 45.8517     0.0
 45.8517      264.6667    
 45.8517     0.0
 45.9985     0.0
 45.9985      433.6667    
 45.9985     0.0
 46.0007     0.0
 46.0007      37.00000    
 46.0007     0.0
 46.1454     0.0
 46.1454      125.6667    
 46.1454     0.0
 46.2184     0.0
 46.2184      215.6667    
 46.2184     0.0
 46.2208     0.0
 46.2208      21.33333    
 46.2208     0.0
 46.2892     0.0
 46.2892      7.666667    
 46.2892     0.0
 46.2918     0.0
 46.2918      138.3333    
 46.2918     0.0
 46.4375     0.0
 46.4375      235.3333    
 46.4375     0.0
 46.4409     0.0
 46.4409      2.333333    
 46.4409     0.0
 46.5775     0.0
 46.5775      .6666667    
 46.5775     0.0
 46.5828     0.0
 46.5828      154.0000    
 46.5828     0.0
 46.7275     0.0
 46.7275      158.0000    
 46.7275     0.0
 46.7308     0.0
 46.7308      9.000000    
 46.7308     0.0
 46.7990     0.0
 46.7990      85.33334    
 46.7990     0.0
 46.8009     0.0
 46.8009      83.00000    
 46.8009     0.0
 46.8693     0.0
 46.8693      10.00000    
 46.8693     0.0
 46.8723     0.0
 46.8723      284.0000    
 46.8723     0.0
 47.0161     0.0
 47.0161      212.0000    
 47.0161     0.0
 47.0214     0.0
 47.0214      1.333333    
 47.0214     0.0
 47.0878     0.0
 47.0878      115.6667    
 47.0878     0.0
 47.0909     0.0
 47.0909      7.333333    
 47.0909     0.0
 47.1588     0.0
 47.1588      30.00000    
 47.1588     0.0
 47.1615     0.0
 47.1615      16.66667    
 47.1615     0.0
 47.2984     0.0
 47.2984      1.333333    
 47.2984     0.0
 47.3030     0.0
 47.3030      186.0000    
 47.3030     0.0
 47.3743     0.0
 47.3743      209.0000    
 47.3743     0.0
 47.4456     0.0
 47.4456      230.0000    
 47.4456     0.0
 47.5877     0.0
 47.5877      108.0000    
 47.5877     0.0
 47.5910     0.0
 47.5910      5.000000    
 47.5910     0.0
 47.6587     0.0
 47.6587      122.6667    
 47.6587     0.0
 47.6607     0.0
 47.6607      6.333333    
 47.6607     0.0
 47.7292     0.0
 47.7292      80.00000    
 47.7292     0.0
 47.7309     0.0
 47.7309      41.33333    
 47.7309     0.0
 47.8691     0.0
 47.8691      13.33333    
 47.8691     0.0
 47.8715     0.0
 47.8715      73.00000    
 47.8715     0.0
 47.9391     0.0
 47.9391      8.000000    
 47.9391     0.0
 47.9419     0.0
 47.9419      76.33334    
 47.9419     0.0
 48.0085     0.0
 48.0085      1.333333    
 48.0085     0.0
 48.0121     0.0
 48.0121      34.00000    
 48.0121     0.0
 48.1450     0.0
 48.1450      .3333333    
 48.1450     0.0
 48.1527     0.0
 48.1527      186.0000    
 48.1527     0.0
 48.2231     0.0
 48.2231      26.00000    
 48.2231     0.0
 48.2850     0.0
 48.2850      .3333333    
 48.2850     0.0
 48.2930     0.0
 48.2930      94.66666    
 48.2930     0.0
 48.4282     0.0
 48.4282      1.000000    
 48.4282     0.0
 48.4327     0.0
 48.4327      104.6667    
 48.4327     0.0
 48.4969     0.0
 48.4969      .6666667    
 48.4969     0.0
 48.5025     0.0
 48.5025      87.00000    
 48.5025     0.0
 48.5690     0.0
 48.5690      2.333333    
 48.5690     0.0
 48.5721     0.0
 48.5721      139.0000    
 48.5721     0.0
 48.7094     0.0
 48.7094      5.666667    
 48.7094     0.0
 48.7112     0.0
 48.7112      39.33333    
 48.7112     0.0
 48.8491     0.0
 48.8491      65.66666    
 48.8491     0.0
 48.8508     0.0
 48.8508      25.33333    
 48.8508     0.0
 48.9878     0.0
 48.9878      61.66667    
 48.9878     0.0
 48.9950     0.0
 48.9950      .3333333    
 48.9950     0.0
 49.0567     0.0
 49.0567      21.66667    
 49.0567     0.0
 49.1255     0.0
 49.1255      50.00000    
 49.1255     0.0
 49.2631     0.0
 49.2631      39.33333    
 49.2631     0.0
 49.3272     0.0
 49.3272      .6666667    
 49.3272     0.0
 49.3317     0.0
 49.3317      35.33333    
 49.3317     0.0
 49.3996     0.0
 49.3996      19.33333    
 49.3996     0.0
 49.4004     0.0
 49.4004      24.33333    
 49.4004     0.0
 49.5366     0.0
 49.5366      34.33333    
 49.5366     0.0
 49.6049     0.0
 49.6049      116.3333    
 49.6049     0.0
 49.6730     0.0
 49.6730      37.33333    
 49.6730     0.0
 49.8088     0.0
 49.8088      68.33334    
 49.8088     0.0
 49.8108     0.0
 49.8108      5.666667    
 49.8108     0.0
 49.9445     0.0
 49.9445      35.00000    
 49.9445     0.0
 50.1471     0.0
 50.1471      52.33333    
 50.1471     0.0
 50.2144     0.0
 50.2144      42.00000    
 50.2144     0.0
 50.6167     0.0
 50.6167      22.00000    
 50.6167     0.0
 50.6834     0.0
 50.6834      26.66667    
 50.6834     0.0
 50.7497     0.0
 50.7497      22.33333    
 50.7497     0.0
 50.7503     0.0
 50.7503      14.33333    
 50.7503     0.0
 50.8830     0.0
 50.8830      37.33333    
 50.8830     0.0
 51.0157     0.0
 51.0157      17.66667    
 51.0157     0.0
 51.1479     0.0
 51.1479      31.66667    
 51.1479     0.0
 51.2141     0.0
 51.2141      17.33333    
 51.2141     0.0
 51.4118     0.0
 51.4118      6.333333    
 51.4118     0.0
 51.5431     0.0
 51.5431      14.66667    
 51.5431     0.0
 51.6741     0.0
 51.6741      10.66667    
 51.6741     0.0
 51.9350     0.0
 51.9350      10.66667    
 51.9350     0.0
 51.9995     0.0
 51.9995      6.000000    
 51.9995     0.0
 52.0004     0.0
 52.0004      6.333333    
 52.0004     0.0
 52.0649     0.0
 52.0649      7.000000    
 52.0649     0.0
 52.1947     0.0
 52.1947      17.66667    
 52.1947     0.0
 52.2590     0.0
 52.2590      7.666667    
 52.2590     0.0
 52.2618     0.0
 52.2618      1.000000    
 52.2618     0.0
 52.5174     0.0
 52.5174      8.333333    
 52.5174     0.0
 52.5819     0.0
 52.5819      6.666667    
 52.5819     0.0
 52.7743     0.0
 52.7743      11.33333    
 52.7743     0.0
 53.3475     0.0
 53.3475      12.66667    
 53.3475     0.0
 53.4740     0.0
 53.4740      3.666667    
 53.4740     0.0
 53.5973     0.0
 53.5973      .6666667    
 53.5973     0.0
 53.6007     0.0
 53.6007      6.000000    
 53.6007     0.0
 53.7263     0.0
 53.7263      6.666667    
 53.7263     0.0
 54.5990     0.0
 54.5990      1.666667    
 54.5990     0.0
 54.6017     0.0
 54.6017      1.000000    
 54.6017     0.0
 54.7241     0.0
 54.7241      1.333333    
 54.7241     0.0
 54.7854     0.0
 54.7854      6.666667    
 54.7854     0.0
 55.9453     0.0
 55.9453      2.666667    
 55.9453     0.0
 57.2025     0.0
 57.2025      .6666667    
 57.2025     0.0
